# asphyxia
# Converted from SkyStudio format
# BPM: 225
# Total chords: 155

Time,Keys,Duration
0.80,,,0.27
1.06,m,0.53
1.60,;,0.27
1.86,hoy,1.06
2.93,,,0.27
3.19,m,0.53
3.72,;,0.27
3.99,jpu,1.06
5.05,l,0.53
5.59,n,0.27
5.85,;,0.27
6.12,hik,3.19
9.31,,y,0.27
9.58,m,0.27
9.84,j,0.27
10.11,;,0.27
10.37,hoy,1.06
11.44,,,0.27
11.70,m,0.53
12.24,;,0.27
12.50,jpu,1.06
13.57,l,0.53
14.10,n,0.27
14.36,;,0.27
14.63,hiy,3.19
17.82,,u,0.27
18.09,m,0.27
18.35,i,0.27
18.62,;,0.27
18.89,hoy,1.06
19.95,,,0.53
20.48,/,0.27
20.75,.,0.27
21.01,jpu,1.06
22.08,/,0.27
22.34,.,0.53
22.88,,,0.27
23.14,hiy,3.19
26.33,,y,0.27
26.60,m,0.27
26.87,j,0.27
27.13,;,0.27
27.40,hoy,1.06
28.46,,,0.27
28.73,m,0.53
29.26,l,0.27
29.53,jpu,1.06
30.59,,,0.27
30.86,m,0.53
31.39,k,0.27
31.65,hiy,3.19
34.85,,,0.27
35.11,m,0.53
35.64,;,0.27
35.91,hoy,1.06
36.97,,,0.27
37.24,m,0.53
37.77,;,0.27
38.04,jpu,1.06
39.10,l,0.53
39.63,n,0.27
39.90,;,0.27
40.17,hiy,3.19
43.36,,y,0.27
43.62,m,0.27
43.89,j,0.27
44.16,;,0.27
44.42,hoy,1.06
45.49,,,0.27
45.75,m,0.53
46.28,;,0.27
46.55,jpu,1.06
47.61,l,0.53
48.15,n,0.27
48.41,;,0.27
48.68,hiy,3.19
51.87,,u,0.27
52.14,m,0.27
52.40,i,0.27
52.67,;,0.27
52.93,hoy,1.06
54.00,,,0.53
54.53,/,0.27
54.80,.,0.27
55.06,jpu,1.06
56.13,/,0.27
56.39,.,0.53
56.92,,,0.27
57.19,hiy,3.19
60.38,,y,0.27
60.65,m,0.27
60.91,j,0.27
61.18,;,0.27
61.45,hoy,1.06
62.51,,,0.27
62.78,m,0.53
63.31,l,0.27
63.57,jpu,1.06
64.64,,,0.27
64.90,m,0.53
65.44,k,0.27
65.70,hiy,3.19
68.89,;,0.27
69.16,l,0.53
69.69,,,0.27
69.96,hoy,1.06
71.02,;,0.27
71.29,l,0.53
71.82,.,0.27
72.09,jpu,1.06
73.15,;,0.27
73.42,l,0.53
73.95,/,0.27
74.21,hiy,0.27
74.48,.,0.53
75.01,,,0.53
75.54,m,0.53
76.08,;,1.33
77.41,;y,0.27
77.67,l,0.27
77.94,j,0.27
78.20,,,0.27
78.47,hoy,1.06
79.53,;,0.27
79.80,l,0.53
80.33,.,0.27
80.60,jpu,1.06
81.66,;,0.27
81.93,l,0.53
82.46,/,0.27
82.73,hiy,0.27
82.99,.,0.53
83.52,,,0.53
84.06,m,0.53
84.59,;,1.33
85.92,;y,0.27
86.18,jl,0.27
86.45,h,0.27
86.72,,i,0.27
86.98,hoy,1.06
88.05,,h,0.53
88.58,/k,0.27
88.84,.j,0.27
89.11,jpu,0.27
89.38,lu,0.27
89.64,j,0.27
89.91,p,0.27
90.17,/k,0.27
90.44,.j,0.53
90.97,,h,0.27
91.24,hiy,0.27
91.50,.,0.53
92.04,/,0.53
92.57,.,0.53
93.10,,,0.50
