# Unity
# Converted from SkyStudio format
# BPM: 600
# Total chords: 271

Time,Keys,Duration
0.30,.,0.10
0.40,,,0.20
0.60,m,0.10
0.70,;,0.20
0.90,l,0.10
1.00,;ijp,0.30
1.30,i,0.20
1.50,.i,0.10
1.60,,,0.20
1.80,m,0.10
1.90,;i,0.20
2.10,l,0.10
2.20,;ipy,0.30
2.50,y,0.20
2.70,.y,0.10
2.80,,,0.20
3.00,m,0.10
3.10,;y,0.20
3.30,l,0.10
3.40,;hou,0.30
3.70,mu,0.20
3.90,u,0.10
4.00,,,0.30
4.30,.u,0.30
4.60,,ip,0.30
4.90,h,0.20
5.10,.h,0.10
5.20,,,0.20
5.40,m,0.10
5.50,;h,0.20
5.70,l,0.10
5.80,;ijp,0.30
6.10,i,0.20
6.30,.i,0.10
6.40,,,0.20
6.60,m,0.10
6.70,;i,0.20
6.90,l,0.10
7.00,;ipy,0.30
7.30,y,0.20
7.50,;y,0.10
7.60,m,0.20
7.80,,,0.10
7.90,.y,0.20
8.10,l,0.10
8.20,;hou,0.30
8.50,lu,0.20
8.70,u,0.10
8.80,;,0.30
9.10,mu,0.30
9.40,,hi,0.30
9.70,h,0.20
9.90,.h,0.10
10.00,,,0.20
10.20,m,0.10
10.30,;h,0.20
10.50,l,0.10
10.60,;ijp,0.30
10.90,i,0.20
11.10,.i,0.10
11.20,,,0.20
11.40,m,0.10
11.50,;i,0.20
11.70,l,0.10
11.80,;ipy,0.30
12.10,y,0.20
12.30,.y,0.10
12.40,,,0.20
12.60,m,0.10
12.70,;y,0.20
12.90,l,0.10
13.00,;hou,0.30
13.30,,u,0.20
13.50,u,0.10
13.60,,,0.30
13.90,.u,0.30
14.20,,hi,0.30
14.50,h,0.20
14.70,.h,0.10
14.80,,,0.20
15.00,m,0.10
15.10,;h,0.20
15.30,l,0.10
15.40,;ijp,0.30
15.70,i,0.20
15.90,.i,0.10
16.00,,,0.20
16.20,m,0.10
16.30,;i,0.20
16.50,l,0.10
16.60,;ipy,0.30
16.90,y,0.20
17.10,;y,0.10
17.20,m,0.20
17.40,,,0.10
17.50,.y,0.20
17.70,l,0.10
17.80,;hou,0.30
18.10,lu,0.20
18.30,u,0.10
18.40,;,0.30
18.70,mu,0.30
19.00,,hi,0.30
19.30,p,0.30
19.60,o,0.30
19.90,i,0.30
20.20,;ipy,0.30
20.50,;,0.30
20.80,;,0.30
21.10,;,0.20
21.30,l,0.10
21.40,;iy,0.20
21.60,m,0.10
21.70,;,0.30
22.00,l,0.30
22.30,j,0.30
22.60,;hou,0.30
22.90,;,0.30
23.20,;,0.30
23.50,;,0.20
23.70,l,0.10
23.80,;hou,0.20
24.00,;,0.10
24.10,l,0.30
24.40,.,0.30
24.70,,,0.30
25.00,.ijp,0.30
25.30,.,0.30
25.60,.,0.30
25.90,.,0.20
26.10,,,0.10
26.20,.ijp,0.20
26.40,l,0.10
26.50,.,0.30
26.80,,,0.30
27.10,m,0.30
27.40,.jop,0.30
27.70,.,0.30
28.00,.,0.30
28.30,.,0.20
28.50,,,0.10
28.60,.jop,0.20
28.80,l,0.10
28.90,.,0.30
29.20,,,0.30
29.50,m,0.30
29.80,;ipy,0.30
30.10,;,0.30
30.40,;,0.30
30.70,;,0.20
30.90,l,0.10
31.00,;ipy,0.20
31.20,m,0.10
31.30,;,0.30
31.60,l,0.30
31.90,j,0.30
32.20,;ipy,0.30
32.50,;,0.30
32.80,;,0.30
33.10,;,0.20
33.30,l,0.10
33.40,;ipy,0.20
33.60,;,0.10
33.70,l,0.30
34.00,.,0.30
34.30,,,0.30
34.60,.jpu,0.30
34.90,.,0.30
35.20,.,0.20
35.40,,,0.10
35.50,m,0.20
35.70,,,0.10
35.80,.jpu,0.30
36.10,.,0.30
36.40,.,0.20
36.60,,,0.10
36.70,m,0.20
36.90,,,0.10
37.00,.hu,0.30
37.30,.hu,0.30
37.60,.hu,0.30
37.90,.hu,0.30
38.20,.hu,0.50
38.70,j,0.10
38.80,h,0.20
39.00,p,0.10
39.10,i,0.20
39.30,u,0.10
39.40,ij,0.50
39.90,j,0.10
40.00,h,0.20
40.20,p,0.10
40.30,i,0.20
40.50,u,0.10
40.60,ipy,0.50
41.10,j,0.10
41.20,h,0.20
41.40,p,0.10
41.50,i,0.20
41.70,u,0.10
41.80,hiou,0.30
42.10,hopu,0.30
42.40,hou,0.30
42.70,hjou,0.30
43.00,hu,0.50
43.50,j,0.10
43.60,h,0.20
43.80,p,0.10
43.90,i,0.20
44.10,u,0.10
44.20,ij,0.50
44.70,j,0.10
44.80,h,0.20
45.00,p,0.10
45.10,i,0.20
45.30,u,0.10
45.40,ipy,0.50
45.90,i,0.10
46.00,p,0.20
46.20,h,0.10
46.30,j,0.20
46.50,l,0.10
46.60,;hou,0.30
46.90,hlou,0.30
47.20,;hou,0.30
47.50,hmou,0.30
47.80,,hi,0.50
48.30,.,0.10
48.40,,,0.20
48.60,m,0.10
48.70,;,0.20
48.90,l,0.10
49.00,;ij,0.50
49.50,.,0.10
49.60,,,0.20
49.80,m,0.10
49.90,;,0.20
50.10,l,0.10
50.20,;py,0.50
50.70,.,0.10
50.80,,,0.20
51.00,m,0.10
51.10,;,0.20
51.30,l,0.10
51.40,;ou,0.30
51.70,mou,0.30
52.00,,ou,0.30
52.30,.ou,0.30
52.60,,hi,0.50
53.10,.,0.10
53.20,,,0.20
53.40,m,0.10
53.50,;,0.20
53.70,l,0.10
53.80,;ij,0.50
54.30,.,0.10
54.40,,,0.20
54.60,m,0.10
54.70,;,0.20
54.90,l,0.10
55.00,;py,0.50
55.50,;,0.10
55.60,m,0.20
55.80,,,0.10
55.90,.,0.20
56.10,l,0.10
56.20,;hou,0.30
56.50,hlou,0.30
56.80,;hou,0.30
57.10,hmou,0.30
57.40,,hi,0.50
