# 《二十秒即兴》(乱改)
# Converted from SkyStudio format
# BPM: 332
# Total chords: 203

Time,Keys,Duration
0.00,h,0.18
0.18,l,0.18
0.36,,,0.18
0.54,lo,0.36
0.90,y,0.18
1.08,;,0.18
1.26,o,0.18
1.44,h,0.18
1.62,l,0.18
1.80,,,0.18
1.98,lp,0.36
2.34,u,0.18
2.52,;,0.18
2.70,p,0.18
2.88,h,0.18
3.06,l,0.18
3.24,,,0.18
3.42,hy,0.36
3.78,i,0.18
3.96,;,0.36
4.32,y,0.18
4.50,m,0.36
4.86,;h,0.36
5.22,i,0.36
5.58,,k,0.18
5.76,.,0.18
5.94,,,0.18
6.12,m,0.18
6.30,;o,0.36
6.66,y,0.18
6.84,l,0.18
7.02,o,0.18
7.20,h,0.18
7.38,l,0.18
7.56,,,0.18
7.74,lp,0.36
8.10,u,0.18
8.28,;,0.54
8.82,mp,0.36
9.18,;y,0.36
9.54,p,0.36
9.90,k,0.36
10.26,u,0.36
10.62,p,0.36
10.98,j,0.18
11.16,h,0.18
11.34,l,0.18
11.52,,,0.18
11.70,lo,0.36
12.06,y,0.18
12.24,;,0.18
12.42,o,0.18
12.60,h,0.18
12.78,l,0.18
12.96,,,0.18
13.14,lp,0.36
13.50,u,0.18
13.68,;,0.18
13.86,p,0.18
14.04,h,0.18
14.22,l,0.18
14.40,,,0.18
14.58,il,0.36
14.94,j,0.18
15.12,;,0.18
15.30,ik,0.36
15.66,.h,0.36
16.02,i,0.18
16.20,m,0.18
16.38,h,0.18
16.56,l,0.36
16.92,io,0.36
17.28,y,0.18
17.46,o,0.18
17.64,;,0.36
18.00,lp,0.36
18.36,u,0.36
18.72,jp,0.36
19.08,hy,0.36
19.44,i,0.18
19.62,h,0.36
19.98,k,0.36
20.34,,hk,0.36
20.70,,hk,0.36
21.06,,hk,0.36
21.42,.hk,0.36
21.78,.hk,0.36
22.14,.hk,0.36
22.50,,,0.18
22.68,l,0.18
22.86,,,0.18
23.04,ln,0.36
23.40,k,0.18
23.58,;,0.18
23.76,n,0.18
23.94,,,0.18
24.12,l,0.18
24.30,,,0.18
24.48,ln,0.36
24.84,k,0.18
25.02,;,0.18
25.20,n,0.18
25.38,,,0.18
25.56,l,0.18
25.74,,,0.18
25.92,ln,0.18
26.10,,,0.18
26.28,l,0.18
26.46,,,0.18
26.64,ln,0.18
26.82,,,0.18
27.00,l,0.18
27.18,,,0.18
27.36,ln,0.18
27.54,h,0.18
27.72,l,0.18
27.90,,,0.18
28.08,hy,0.18
28.26,h,0.18
28.44,l,0.18
28.62,,,0.18
28.80,hy,0.18
28.98,h,0.18
29.16,l,0.18
29.34,,,0.18
29.52,hy,0.18
29.70,h,0.18
29.88,l,0.18
30.06,,,0.18
30.24,lp,0.36
30.60,u,0.18
30.78,;,0.18
30.96,p,0.18
31.14,h,0.18
31.32,l,0.18
31.50,,,0.18
31.68,hy,0.36
32.04,i,0.18
32.22,;,0.36
32.58,y,0.18
32.76,m,0.36
33.12,;h,0.36
33.48,i,0.36
33.84,,k,0.18
34.02,.,0.18
34.20,,,0.18
34.38,m,0.18
34.56,;o,0.36
34.92,y,0.18
35.10,l,0.18
35.28,o,0.18
35.46,h,0.18
35.64,l,0.18
35.82,,,0.18
36.00,lp,0.36
36.36,u,0.18
36.54,;,0.54
37.08,mp,0.36
37.44,;y,0.36
37.80,p,0.36
38.16,k,0.36
38.52,u,0.36
38.88,p,0.36
39.24,j,0.18
39.42,h,0.18
39.60,l,0.18
39.78,,,0.18
39.96,lo,0.36
40.32,y,0.18
40.50,;,0.18
40.68,o,0.18
40.86,h,0.18
41.04,l,0.18
41.22,,,0.18
41.40,lp,0.36
41.76,u,0.18
41.94,;,0.18
42.12,p,0.18
42.30,h,0.18
42.48,l,0.18
42.66,,,0.18
42.84,il,0.36
43.20,j,0.18
43.38,;,0.18
43.56,ik,0.36
43.92,.h,0.36
44.28,i,0.18
44.46,m,0.18
44.64,h,0.18
44.82,l,0.36
45.18,io,0.36
45.54,y,0.18
45.72,o,0.18
45.90,;,0.36
46.26,lp,0.36
46.62,u,0.36
46.98,jp,0.36
47.34,hy,0.36
47.70,i,0.18
47.88,h,0.36
48.24,k,0.72
48.96,,hk,0.72
49.68,,/hk,0.50
