# 隔岸『暴躁』
# Converted from SkyStudio format
# BPM: 240
# Total chords: 487

Time,Keys,Duration
0.50,,oy,0.50
1.00,;,0.50
1.50,/,0.50
2.00,,,0.50
2.50,mpu,0.50
3.00,l,0.50
3.50,;,0.50
4.00,m,0.50
4.50,;hi,1.75
6.25,l,0.50
6.75,;,0.50
7.25,,oy,0.50
7.75,;,0.50
8.25,/,0.50
8.75,,,0.50
9.25,mpu,0.50
9.75,l,0.50
10.25,;,0.50
10.75,m,0.50
11.25,,hi,1.75
13.00,m,1.00
14.00,,oy,1.00
15.00,o,0.25
15.25,hk,1.25
16.50,mpu,1.00
17.50,p,0.25
17.75,jl,0.50
18.25,,,0.50
18.75,;hi,0.50
19.25,i,0.50
19.75,hkl,0.50
20.25,m,0.50
20.75,;pu,0.50
21.25,p,0.50
21.75,j,1.25
23.00,loy,1.00
24.00,o,0.25
24.25,hk,1.25
25.50,;pu,1.00
26.50,p,0.25
26.75,jlm,1.25
28.00,,hi,1.00
29.00,i,0.25
29.25,;k,0.50
29.75,jl,0.50
30.25,h,1.50
31.75,;,0.25
32.00,l,0.25
32.25,;,0.25
32.50,mpy,0.50
33.00,l,0.50
33.50,l,1.00
34.50,k,1.50
36.00,;,0.25
36.25,l,0.25
36.50,;,0.25
36.75,mpu,0.50
37.25,l,0.50
37.75,l,0.75
38.50,;,1.50
40.00,;,0.25
40.25,l,0.25
40.50,;,0.25
40.75,him,0.50
41.25,l,0.50
41.75,l,0.50
42.25,k,0.25
42.50,l,0.50
43.00,;,1.50
44.50,;,0.25
44.75,l,0.25
45.00,;,0.25
45.25,hoy,0.50
45.75,;,0.50
46.25,;,0.50
46.75,l,0.25
47.00,k,0.50
47.50,l,1.50
49.00,;,0.25
49.25,l,0.25
49.50,;,0.25
49.75,mpy,0.50
50.25,l,0.50
50.75,l,0.75
51.50,k,1.75
53.25,;,0.25
53.50,l,0.25
53.75,;,0.25
54.00,mpu,0.50
54.50,l,0.50
55.00,l,0.75
55.75,;,1.25
57.00,;,0.25
57.25,l,0.25
57.50,;him,0.50
58.00,l,0.50
58.50,l,0.50
59.00,k,0.25
59.25,l,0.50
59.75,;,1.25
61.00,;,0.25
61.25,l,0.25
61.50,;,0.25
61.75,moy,0.50
62.25,m,0.25
62.50,m,0.25
62.75,m,0.50
63.25,;,0.25
63.50,;,0.50
64.00,l,1.00
65.00,;,0.50
65.50,lpu,1.75
67.25,k,0.50
67.75,loy,0.75
68.50,y,0.25
68.75,;,0.50
69.25,y,0.50
69.75,hpu,0.50
70.25,k,0.25
70.50,u,0.25
70.75,l,0.50
71.25,u,0.50
71.75,hil,0.50
72.25,;,0.25
72.50,i,0.25
72.75,l,0.50
73.25,ik,0.50
73.75,hpu,0.50
74.25,k,0.25
74.50,u,0.25
74.75,l,0.50
75.25,ku,0.50
75.75,loy,0.75
76.50,y,0.25
76.75,;,0.50
77.25,y,0.50
77.75,hpu,0.50
78.25,k,0.25
78.50,u,0.25
78.75,l,0.50
79.25,u,0.50
79.75,hlu,0.50
80.25,kpy,0.50
80.75,hlu,0.50
81.25,imp,0.50
81.75,;iy,0.50
82.25,il,0.25
82.50,;i,0.25
82.75,lu,0.50
83.25,ky,0.50
83.75,loy,0.25
84.00,;,0.25
84.25,h,0.25
84.50,o,0.25
84.75,;hk,0.50
85.25,l,0.25
85.50,;,0.25
85.75,hpu,0.25
86.00,p,0.25
86.25,;,0.50
86.75,jl,0.25
87.00,;,0.25
87.25,h,0.50
87.75,;hi,0.50
88.25,i,0.50
88.75,;k,0.50
89.25,jl,1.00
90.25,;hk,0.50
90.75,mpy,0.50
91.25,;hi,0.50
91.75,loy,0.25
92.00,;,0.25
92.25,h,0.25
92.50,o,0.25
92.75,;hk,0.50
93.25,l,0.25
93.50,;,0.25
93.75,hpu,0.25
94.00,p,0.25
94.25,;,0.50
94.75,jl,0.25
95.00,;,0.25
95.25,j,0.50
95.75,hik,0.50
96.25,h,1.75
98.00,h,0.50
98.50,p,0.50
99.00,ho,0.25
99.25,y,0.25
99.50,o,0.25
99.75,hk,1.25
101.00,pu,0.50
101.50,u,0.25
101.75,i,0.25
102.00,p,1.00
103.00,iy,0.50
103.50,u,0.25
103.75,i,0.25
104.00,ip,0.50
104.50,i,0.25
104.75,u,0.25
105.00,y,1.75
106.75,ho,0.25
107.00,y,0.25
107.25,jp,0.25
107.50,h,0.25
107.75,k,0.50
108.25,m,0.50
108.75,;pu,0.25
109.00,u,0.25
109.25,p,0.25
109.50,j,0.75
110.25,l,0.50
110.75,y,0.25
111.00,p,0.25
111.25,k,1.75
113.00,;,0.25
113.25,l,0.25
113.50,;,0.25
113.75,mpy,0.50
114.25,l,0.50
114.75,l,0.75
115.50,k,1.75
117.25,;,0.25
117.50,l,0.25
117.75,;,0.25
118.00,mpu,0.50
118.50,l,0.50
119.00,l,0.75
119.75,;,1.50
121.25,;,0.25
121.50,l,0.25
121.75,;,0.25
122.00,him,0.50
122.50,l,0.50
123.00,l,0.50
123.50,k,0.25
123.75,l,0.50
124.25,;,1.75
126.00,;,0.25
126.25,l,0.25
126.50,;,0.25
126.75,hpy,0.50
127.25,;,0.50
127.75,;,0.50
128.25,l,0.25
128.50,k,0.50
129.00,l,1.75
130.75,;,0.25
131.00,l,0.25
131.25,;,0.25
131.50,mpy,0.50
132.00,l,0.50
132.50,l,0.75
133.25,k,1.50
134.75,;,0.25
135.00,l,0.25
135.25,mpu,0.50
135.75,l,0.50
136.25,l,0.75
137.00,;,1.00
138.00,;,0.25
138.25,l,0.25
138.50,;,0.25
138.75,him,0.50
139.25,l,0.50
139.75,l,0.50
140.25,k,0.25
140.50,l,0.50
141.00,;,1.50
142.50,;,0.25
142.75,l,0.25
143.00,;,0.25
143.25,moy,0.50
143.75,m,0.25
144.00,m,0.25
144.25,m,0.50
144.75,;,0.25
145.00,;,0.50
145.50,l,1.50
147.00,;,0.25
147.25,l,0.25
147.50,;,0.25
147.75,mpu,0.50
148.25,m,0.25
148.50,m,0.25
148.75,m,0.50
149.25,;,0.25
149.50,,,0.50
150.00,m,1.25
151.25,k,0.50
151.75,loy,0.75
152.50,y,0.25
152.75,;,0.50
153.25,y,0.50
153.75,hpu,0.50
154.25,k,0.25
154.50,u,0.25
154.75,l,0.50
155.25,u,0.50
155.75,hil,0.50
156.25,;,0.25
156.50,i,0.25
156.75,l,0.50
157.25,ik,0.50
157.75,hpu,0.50
158.25,k,0.25
158.50,u,0.25
158.75,;,0.50
159.25,ku,0.50
159.75,loy,0.75
160.50,y,0.50
161.00,hpu,0.50
161.50,k,0.25
161.75,u,0.25
162.00,l,0.50
162.50,u,0.50
163.00,hlu,0.50
163.50,kpy,0.50
164.00,hlu,0.50
164.50,imp,0.50
165.00,;iy,0.50
165.50,lu,0.25
165.75,;i,0.25
166.00,lu,0.50
166.50,ky,0.50
167.00,loy,0.25
167.25,;,0.25
167.50,h,0.25
167.75,o,0.25
168.00,;hk,0.50
168.50,l,0.25
168.75,;,0.25
169.00,hpu,0.25
169.25,p,0.25
169.50,;,0.50
170.00,jl,0.25
170.25,;,0.25
170.50,h,0.50
171.00,hi,0.75
171.75,;,0.25
172.00,;k,0.50
172.50,jl,1.00
173.50,;hk,0.50
174.00,kmp,0.50
174.50,;hi,0.50
175.00,loy,0.25
175.25,;,0.25
175.50,h,0.25
175.75,o,0.25
176.00,;hk,0.50
176.50,l,0.25
176.75,;,0.25
177.00,hpu,0.50
177.50,;,0.25
177.75,p,0.25
178.00,jl,0.25
178.25,;,0.25
178.50,j,0.50
179.00,hik,0.50
179.50,h,2.25
181.75,/hko,0.50
182.25,.,0.50
182.75,m,0.50
183.25,;,0.50
183.75,jlp,0.50
184.25,m,1.00
185.25,;,0.50
185.75,hk,1.75
187.50,l,0.25
187.75,k,0.25
188.00,l,0.25
188.25,k,0.25
188.50,l,0.25
188.75,;,0.25
189.00,l,0.50
189.50,k,0.50
190.00,hkoy,0.50
190.50,.,0.50
191.00,m,0.50
191.50,;,0.50
192.00,jlp,0.50
192.50,m,1.00
193.50,,,0.50
194.00,;hk,2.00
196.00,k,0.50
196.50,lo,1.00
197.50,;,1.00
198.50,hp,0.50
199.00,k,0.50
199.50,l,1.00
200.50,hl,0.50
201.00,;,0.50
201.50,l,0.50
202.00,k,0.50
202.50,hp,0.50
203.00,k,0.50
203.50,l,0.50
204.00,k,0.50
204.50,lo,1.00
205.50,;,1.00
206.50,hp,0.50
207.00,k,0.50
207.50,l,1.00
208.50,hlu,0.50
209.00,kpy,0.50
209.50,hlu,0.50
210.00,mpy,0.50
210.50,;iy,0.50
211.00,lu,0.25
211.25,;i,0.25
211.50,lu,0.50
212.00,ky,0.50
212.50,loy,0.25
212.75,;,0.25
213.00,h,0.25
213.25,o,0.25
213.50,;hk,0.50
214.00,l,0.25
214.25,;,0.25
214.50,hpy,0.25
214.75,p,0.25
215.00,;,0.50
215.50,jl,0.25
215.75,;,0.25
216.00,h,0.50
216.50,;hi,0.75
217.25,i,0.25
217.50,;k,0.50
218.00,jl,1.00
219.00,;hk,0.50
219.50,kmp,0.50
220.00,;hi,0.50
220.50,loy,0.25
220.75,;,0.25
221.00,h,0.25
221.25,o,0.25
221.50,hkl,0.50
222.00,l,0.25
222.25,;,0.25
222.50,hpu,0.50
223.00,;,0.25
223.25,p,0.25
223.50,jl,0.25
223.75,;,0.25
224.00,h,0.50
224.50,;jmp,0.50
225.00,u,0.50
225.50,i,0.50
226.00,p,0.50
226.50,h,1.00
227.50,lu,0.50
228.00,;i,0.50
228.50,/hko,0.50
229.00,.j,0.25
229.25,ho,0.25
229.50,mp,0.50
230.00,;i,0.50
230.50,jlpu,0.75
231.25,mp,0.25
231.50,pu,0.50
232.00,;hik,1.50
233.50,lu,0.25
233.75,ky,0.25
234.00,lu,0.25
234.25,ky,0.25
234.50,lu,0.25
234.75,;i,0.25
235.00,lu,0.50
235.50,ky,0.50
236.00,/hko,0.50
236.50,.j,0.25
236.75,ho,0.25
237.00,mp,0.50
237.50,;i,0.50
238.00,jlpu,0.75
238.75,mp,0.25
239.00,pu,0.50
239.50,,;hik,2.00
241.50,k,0.25
241.75,l,0.25
242.00,k,0.25
242.25,l,0.50
242.75,k,0.50
243.25,k,0.25
243.50,l,0.50
244.00,;,0.50
