# 不染
# Converted from SkyStudio format
# BPM: 272
# Total chords: 214

Time,Keys,Duration
0.00,,o,0.44
0.44,l,0.44
0.88,;,0.44
1.32,h,0.44
1.76,jlp,0.44
2.20,;,0.44
2.64,m,0.44
3.08,;,0.44
3.52,im,0.44
3.96,l,0.44
4.40,;,0.44
4.84,h,0.44
5.28,l,0.44
5.72,;,0.44
6.16,m,0.66
6.82,,o,0.44
7.26,l,0.44
7.70,;,0.44
8.14,h,0.44
8.58,jlp,0.44
9.02,;,0.44
9.46,m,0.66
10.12,my,0.44
10.56,;i,0.44
11.00,p,0.44
11.44,j,0.44
11.88,k,1.10
12.98,,o,0.44
13.42,l,0.44
13.86,;,0.44
14.30,h,0.44
14.74,hlp,0.44
15.18,;,0.44
15.62,m,0.44
16.06,;,0.44
16.50,im,0.44
16.94,l,0.44
17.38,;,0.44
17.82,h,0.44
18.26,l,0.44
18.70,;,0.44
19.14,m,0.66
19.80,,o,0.44
20.24,l,0.44
20.68,;,0.44
21.12,h,0.44
21.56,jlp,0.44
22.00,;,0.44
22.44,m,0.66
23.10,hy,0.44
23.54,i,0.44
23.98,h,0.44
24.42,j,0.44
24.86,k,0.44
25.30,/,0.44
25.74,.,0.44
26.18,;,0.44
26.62,,o,0.44
27.06,m,0.44
27.50,;,0.66
28.16,pu,0.44
28.60,l,0.44
29.04,k,0.44
29.48,h,0.44
29.92,hl,0.44
30.36,;,0.44
30.80,h,0.44
31.24,y,0.44
31.68,/,0.44
32.12,.,0.44
32.56,;,0.44
33.00,,o,0.44
33.44,m,0.44
33.88,;,0.44
34.32,m,0.44
34.76,,u,0.44
35.20,.,0.44
35.64,,,0.66
36.30,my,0.44
36.74,;p,0.44
37.18,j,0.66
37.84,y,0.44
38.28,/,0.44
38.72,.,0.44
39.16,;,0.44
39.60,,o,0.44
40.04,m,0.44
40.48,;,0.66
41.14,ip,0.44
41.58,l,0.44
42.02,k,0.44
42.46,h,0.44
42.90,hl,0.44
43.34,;,0.44
43.78,h,0.66
44.44,y,0.44
44.88,/,0.44
45.32,.,0.44
45.76,;,0.44
46.20,,o,0.44
46.64,m,0.44
47.08,;,0.44
47.52,m,0.44
47.96,,u,0.44
48.40,.,0.44
48.84,,,0.66
49.50,my,0.44
49.94,;i,0.44
50.38,p,0.44
50.82,m,0.44
51.26,y,0.44
51.70,/,0.44
52.14,.,0.44
52.58,;,0.44
53.02,,o,0.44
53.46,m,0.44
53.90,;,0.66
54.56,jp,0.44
55.00,l,0.44
55.44,k,0.44
55.88,h,0.44
56.32,;y,0.44
56.76,i,0.44
57.20,mp,0.44
57.64,i,0.44
58.08,,,0.44
58.52,h,0.44
58.96,k,0.44
59.40,;,0.44
59.84,lu,0.44
60.28,;,0.22
60.50,m,0.22
60.72,o,0.44
61.16,;,0.44
61.60,jlp,0.44
62.04,;,0.44
62.48,m,0.66
63.14,;i,0.44
63.58,,,0.88
64.46,h,0.44
64.90,j,0.44
65.34,k,0.66
66.00,h,0.44
66.44,k,0.44
66.88,lo,0.44
67.32,y,0.44
67.76,;,0.44
68.20,y,0.44
68.64,jlp,0.44
69.08,;,0.44
69.52,m,0.66
70.18,;y,0.44
70.62,i,0.44
71.06,h,0.44
71.50,j,0.44
71.94,k,0.66
72.60,;,0.44
73.04,l,0.44
73.48,ho,0.44
73.92,y,0.44
74.36,;,0.66
75.02,jlp,0.44
75.46,k,0.22
75.68,j,0.44
76.12,p,0.44
76.56,py,0.44
77.00,u,0.44
77.44,i,0.44
77.88,p,0.44
78.32,k,0.66
78.98,h,0.44
79.42,k,0.44
79.86,lo,0.44
80.30,y,0.44
80.74,;,0.66
81.40,jlp,0.44
81.84,;,0.22
82.06,n,0.44
82.50,;,0.44
82.94,my,0.44
83.38,p,0.44
83.82,n,0.44
84.26,;,0.22
84.48,l,0.22
84.70,;i,0.44
85.14,h,0.44
85.58,;,0.44
86.02,l,0.44
86.46,hou,0.44
86.90,;,0.22
87.12,h,0.44
87.56,;,0.44
88.00,jlp,0.44
88.44,u,0.44
88.88,j,0.44
89.32,hky,0.44
89.76,i,0.44
90.20,h,0.44
90.64,j,0.44
91.08,k,0.66
91.74,;,0.44
92.18,l,0.44
92.62,hou,0.44
93.06,;,0.22
93.28,h,0.44
93.72,;,0.44
94.16,jlp,0.44
94.60,u,0.44
95.04,j,0.44
95.48,hky,0.44
95.92,i,0.44
96.36,j,0.44
96.80,k,0.44
97.24,,,0.50
