# 仙剑问情
# Converted from SkyStudio format
# BPM: 282
# Total chords: 137

Time,Keys,Duration
2.54,;,0.42
2.97,l,0.42
3.39,;,0.85
4.24,;,0.42
4.66,l,0.42
5.09,;,0.85
5.94,;,0.42
6.36,l,0.42
6.78,;,0.42
7.21,,,0.42
7.63,m,0.42
8.06,;,0.42
8.48,l,0.85
9.33,k,0.42
9.75,l,0.42
10.18,;,0.85
11.02,;,0.42
11.45,l,0.42
11.87,;,0.85
12.72,;,0.42
13.14,l,0.42
13.57,;,0.42
13.99,/,0.42
14.42,,,0.42
14.84,m,0.42
15.26,;,0.85
16.11,;,0.42
16.54,m,0.42
16.96,,,0.85
17.81,,,0.42
18.23,/,0.42
18.66,,,0.85
19.50,m,0.42
19.93,;,0.42
20.35,l,2.54
22.90,k,0.42
23.32,l,0.42
23.74,;,0.85
24.59,;,0.42
25.02,m,0.42
25.44,;,0.85
26.29,;,0.42
26.71,k,0.42
27.14,l,2.54
29.68,;,0.42
30.10,l,0.42
30.53,;,0.85
31.38,;,0.42
31.80,l,0.42
32.22,;,0.85
33.07,;,0.42
33.50,l,0.42
33.92,;,0.42
34.34,,,0.42
34.77,m,0.42
35.19,;,0.42
35.62,l,0.85
36.46,;,0.42
36.89,m,0.42
37.31,h,0.85
38.16,/,0.42
38.58,h,1.70
40.28,/,0.42
40.70,m,0.42
41.13,,,0.42
41.55,/,0.42
41.98,.,0.42
42.40,,,0.42
42.82,m,0.42
43.25,;,0.42
43.67,m,0.42
44.10,,,2.54
46.64,;k,0.42
47.06,lm,0.42
47.49,,;,2.54
50.03,;,0.42
50.46,m,0.42
50.88,,;i,0.42
51.30,/,0.42
51.73,,,1.27
53.00,lmu,3.82
56.82,;,0.42
57.24,m,0.42
57.66,,,0.85
58.51,,,0.42
58.94,/,0.42
59.36,m,0.85
60.21,;,0.85
61.06,l,1.70
62.75,m,0.85
63.60,l,0.85
64.45,hio,0.85
65.30,,,0.85
66.14,,mn,0.85
66.99,,/l,0.85
67.84,;jp,1.70
69.54,l,0.85
70.38,;,0.42
70.81,l,0.42
71.23,k,2.54
73.78,l,0.42
74.20,k,0.42
74.62,hl,0.85
75.47,;k,0.85
76.32,lm,0.85
77.17,,;,0.85
78.02,/mpy,1.27
79.29,,,0.42
79.71,;,0.85
80.56,k,0.85
81.41,l,1.70
83.10,;,0.85
83.95,m,0.85
84.80,/hy,1.27
86.07,/,0.42
86.50,m,0.85
87.34,;,0.85
88.19,l,1.70
89.89,.lm,0.85
90.74,lmu,0.85
91.58,,/;,1.27
92.86,,,0.42
93.28,m,0.85
94.13,;,0.85
94.98,m,1.70
96.67,,,0.85
97.52,/,0.85
98.37,lnu,1.70
100.06,,,1.70
101.76,m,1.70
103.46,,,0.85
104.30,/,0.85
105.15,;in,0.85
106.00,lnu,0.85
106.85,/n,0.85
107.70,m,0.85
108.54,,,0.50
