# 吹梦到西洲（笛）[By北北]
# Converted from SkyStudio format
# BPM: 290
# Total chords: 915

Time,Keys,Duration
0.00,ho,0.21
0.21,h,0.21
0.41,j,0.21
0.62,j,0.21
0.82,k,0.21
1.03,k,0.21
1.24,;,0.21
1.44,;,0.21
1.65,jl,0.21
1.85,l,0.21
2.06,m,0.21
2.27,m,0.21
2.47,m,0.41
2.88,l,0.21
3.09,k,0.21
3.30,ij,0.21
3.50,j,0.21
3.71,k,0.21
3.91,k,0.21
4.12,l,0.21
4.33,l,0.21
4.53,;,0.21
4.74,;,0.21
4.94,hk,0.21
5.15,k,0.21
5.36,k,0.21
5.56,k,0.21
5.77,j,0.21
5.97,j,0.21
6.18,k,0.21
6.39,j,0.21
6.59,ho,0.21
6.80,h,0.21
7.00,h,0.21
7.21,h,0.21
7.42,h,0.21
7.62,h,0.21
7.83,h,0.21
8.03,h,0.21
8.24,ou,0.21
8.45,o,0.21
8.65,o,0.21
8.86,o,0.21
9.06,p,0.21
9.27,p,0.21
9.48,p,0.21
9.68,p,0.21
9.89,ku,0.21
10.09,k,0.21
10.30,k,0.21
10.51,k,0.21
10.71,k,0.21
10.92,k,0.21
11.12,k,0.21
11.33,k,0.21
11.54,jp,0.21
11.74,j,0.21
11.95,j,0.21
12.15,j,0.21
12.36,m,0.21
12.57,m,0.62
13.18,y,0.41
13.60,m,0.21
13.80,m,0.21
14.01,n,0.21
14.21,n,0.21
14.42,;,0.21
14.63,l,0.21
14.83,lp,0.21
15.04,k,0.62
15.66,k,0.21
15.86,k,0.21
16.07,l,0.21
16.27,l,0.21
16.48,;j,0.21
16.69,;,0.21
16.89,;,0.21
17.10,;,0.21
17.30,;,0.21
17.51,;,0.21
17.72,j,0.41
18.13,ij,0.21
18.33,j,0.21
18.54,j,0.21
18.75,j,0.62
19.36,h,0.21
19.57,j,0.21
19.78,ko,0.21
19.98,k,0.21
20.19,h,0.21
20.39,h,0.21
20.60,k,0.21
20.81,k,0.21
21.01,;,0.21
21.22,l,0.21
21.42,lp,0.21
21.63,l,0.41
22.04,l,0.21
22.25,k,0.21
22.45,k,0.21
22.66,l,0.21
22.87,l,0.21
23.07,;y,0.21
23.28,;,0.21
23.48,;,0.21
23.69,;,0.21
23.90,;,0.21
24.10,;,0.21
24.31,;,0.21
24.51,;,0.21
24.72,ip,0.82
25.54,l,0.21
25.75,l,0.21
25.96,l,0.21
26.16,l,0.21
26.37,h,0.41
26.78,,,0.21
26.99,,,0.21
27.19,;,0.21
27.40,;,0.21
27.60,,,0.21
27.81,,,0.21
28.02,,k,0.21
28.22,,,0.62
28.84,;,0.21
29.05,;,0.21
29.25,,,0.21
29.46,,,0.21
29.66,jm,0.21
29.87,m,0.21
30.08,m,0.21
30.28,m,0.21
30.49,m,0.21
30.69,m,0.21
30.90,l,0.21
31.11,l,0.21
31.31,;j,0.21
31.52,;,0.21
31.72,;,0.41
32.14,l,0.21
32.34,l,0.21
32.55,;,0.21
32.75,;,0.21
32.96,nu,0.21
33.17,n,0.21
33.37,;,0.21
33.58,;,0.21
33.78,n,0.21
33.99,n,0.21
34.20,m,0.21
34.40,n,0.21
34.61,kn,0.21
34.81,n,0.41
35.23,;,0.21
35.43,k,0.21
35.64,k,0.21
35.84,;,0.21
36.05,;,0.21
36.26,lp,0.21
36.46,l,0.21
36.67,l,0.21
36.87,l,0.21
37.08,l,0.21
37.29,l,0.21
37.49,l,0.21
37.70,l,0.21
37.90,jp,0.82
38.73,m,0.21
38.93,m,0.21
39.14,m,0.21
39.35,m,0.21
39.55,py,0.41
39.96,m,0.21
40.17,m,0.21
40.38,n,0.21
40.58,n,0.21
40.79,;,0.21
40.99,l,0.21
41.20,lpy,0.21
41.41,l,0.62
42.02,k,0.21
42.23,k,0.21
42.44,l,0.21
42.64,l,0.21
42.85,;ij,0.21
43.05,;,0.21
43.26,;,0.21
43.47,;,0.21
43.67,;,0.21
43.88,;,0.21
44.08,n,0.21
44.29,;,0.21
44.50,;ij,0.21
44.70,;,0.21
44.91,;,0.21
45.11,;,0.62
45.73,n,0.21
45.94,m,0.21
46.14,,oy,0.21
46.35,,,0.21
46.56,n,0.41
46.97,n,0.21
47.17,n,0.21
47.38,,,0.21
47.59,m,0.21
47.79,mpu,0.21
48.00,m,0.41
48.41,m,0.21
48.62,l,0.21
48.82,l,0.21
49.03,n,0.21
49.23,n,0.21
49.44,;y,0.21
49.65,;,0.21
49.85,;,0.21
50.06,;,0.21
50.26,;,0.21
50.47,;,0.21
50.68,n,0.21
50.88,n,0.21
51.09,;y,0.21
51.29,;,0.21
51.50,;,0.21
51.71,;,1.03
52.74,hi,0.41
53.15,,,0.21
53.35,,,0.21
53.56,;,0.21
53.77,;,0.21
53.97,,,0.21
54.18,,,0.21
54.38,,hi,0.21
54.59,,,0.62
55.21,,,0.21
55.41,,,0.21
55.62,.,0.21
55.83,/,0.21
56.03,.ij,0.21
56.24,.,0.21
56.44,,,0.21
56.65,,,0.21
56.86,m,0.21
57.06,m,0.21
57.27,l,0.21
57.47,;,0.21
57.68,;ij,0.21
57.89,;,0.62
58.50,l,0.21
58.71,l,0.21
58.92,;,0.21
59.12,;,0.21
59.33,nou,0.21
59.53,n,0.21
59.74,;,0.21
59.95,;,0.21
60.15,l,0.21
60.36,l,0.21
60.56,;,0.21
60.77,n,0.21
60.98,kno,0.21
61.18,n,0.62
61.80,;,0.21
62.01,;,0.21
62.21,l,0.21
62.42,l,0.21
62.62,lpy,0.21
62.83,l,0.21
63.04,;,0.21
63.24,k,0.21
63.45,k,0.21
63.65,k,0.21
63.86,k,0.21
64.07,k,0.21
64.27,kpy,0.21
64.48,k,0.21
64.68,k,0.21
64.89,k,0.21
65.10,y,0.82
65.92,hi,0.41
66.33,k,0.21
66.54,k,0.21
66.74,j,0.21
66.95,j,0.21
67.16,k,0.21
67.36,l,0.21
67.57,ilp,0.21
67.77,l,0.21
67.98,l,0.21
68.19,p,0.21
68.39,l,0.21
68.60,l,0.21
68.80,m,0.21
69.01,m,0.21
69.22,noy,0.21
69.42,n,0.21
69.63,;,0.21
69.83,l,0.21
70.04,l,0.21
70.25,l,0.21
70.45,n,0.21
70.66,n,0.21
70.86,;py,0.21
71.07,;,0.21
71.28,;,0.21
71.48,;,0.21
71.69,l,0.21
71.89,l,0.21
72.10,k,0.21
72.31,k,0.21
72.51,hi,0.41
72.92,k,0.41
73.34,k,0.21
73.54,k,0.21
73.75,,,0.21
73.95,,,0.21
74.16,imp,0.21
74.37,m,0.21
74.57,m,0.21
74.78,;,0.21
74.98,;,0.21
75.19,;,0.21
75.40,m,0.21
75.60,m,0.21
75.81,,ko,0.21
76.01,,,0.21
76.22,,,0.21
76.43,,,0.21
76.63,,,0.21
76.84,,,0.21
77.04,,,0.21
77.25,,,0.21
77.46,ko,0.41
77.87,;,0.41
78.28,;,0.21
78.49,;,0.21
78.69,,,0.41
79.10,,ku,0.21
79.31,,,0.21
79.52,,,0.21
79.72,,,0.21
79.93,ku,0.21
80.13,,,0.21
80.34,,,0.21
80.55,,,0.21
80.75,.ij,0.21
80.96,.,0.21
81.16,.,0.21
81.37,.,0.21
81.58,.,0.21
81.78,.,0.21
81.99,.,0.21
82.19,.,0.21
82.40,ij,2.06
84.46,h,0.21
84.67,h,0.21
84.87,j,0.21
85.08,j,0.21
85.28,k,0.21
85.49,k,0.21
85.70,;oy,0.21
85.90,;,0.21
86.11,h,0.21
86.31,h,0.21
86.52,oy,0.41
86.93,/,0.21
87.14,/,0.21
87.34,.pu,0.41
87.76,.,0.21
87.96,.,0.21
88.17,,pu,0.21
88.37,,,0.21
88.58,m,0.21
88.79,m,0.21
88.99,lpy,0.21
89.20,l,0.21
89.40,;,0.21
89.61,;,0.21
89.82,py,0.41
90.23,;,0.21
90.43,;,0.21
90.64,/hi,0.21
90.85,/,0.21
91.05,.,0.21
91.26,.,0.21
91.46,,hi,0.21
91.67,,,0.21
91.88,m,0.41
92.29,mou,0.21
92.49,m,0.21
92.70,,,0.21
92.91,,,0.21
93.11,,ou,0.21
93.32,,,0.21
93.52,k,0.21
93.73,k,0.21
93.94,jpu,0.21
94.14,j,0.21
94.35,p,0.21
94.55,p,0.21
94.76,jpu,0.21
94.97,j,0.21
95.17,l,0.41
95.58,lpy,0.21
95.79,l,0.21
96.00,k,0.21
96.20,k,0.21
96.41,kpy,0.21
96.61,k,0.21
96.82,l,0.21
97.03,l,0.21
97.23,;py,0.21
97.44,;,0.21
97.64,/,0.21
97.85,/,0.21
98.06,.py,0.21
98.26,.,0.21
98.47,/,0.21
98.67,/,0.21
98.88,.oy,0.21
99.09,.,0.21
99.29,,,0.21
99.50,,,0.21
99.70,,oy,0.21
99.91,,,0.21
100.12,l,0.21
100.32,l,0.21
100.53,kpu,0.21
100.73,k,0.21
100.94,j,0.21
101.15,j,0.21
101.35,jpu,0.21
101.56,j,0.21
101.76,h,0.21
101.97,h,0.21
102.18,ipu,0.21
102.38,p,0.21
102.59,i,0.21
102.79,i,0.21
103.00,;ip,0.21
103.21,;,0.21
103.41,j,0.21
103.62,j,0.21
103.82,ilp,0.21
104.03,l,0.21
104.24,k,0.21
104.44,k,0.21
104.65,ikp,0.21
104.85,k,0.21
105.06,.,0.21
105.27,.,0.21
105.47,,ou,0.21
105.68,,,0.21
105.88,,,0.21
106.09,,,0.21
106.30,nou,0.21
106.50,n,0.21
106.71,m,0.21
106.91,,,0.21
107.12,,ou,0.21
107.33,,,0.21
107.53,m,0.21
107.74,m,0.21
107.94,,ou,0.21
108.15,,,0.21
108.36,.,0.21
108.56,.,0.21
108.77,/oy,0.21
108.97,/,0.21
109.18,n,0.21
109.39,n,0.21
109.59,noy,0.21
109.80,n,0.21
110.00,/,0.21
110.21,/,0.21
110.42,/pu,0.21
110.62,/,0.21
110.83,.,0.21
111.03,.,0.21
111.24,.pu,0.21
111.45,.,0.21
111.65,,,0.21
111.86,,,0.21
112.06,mpu,0.21
112.27,m,0.21
112.48,m,0.21
112.68,m,0.21
112.89,.pu,0.21
113.09,.,0.21
113.30,.,0.21
113.51,.,0.21
113.71,,hi,0.21
113.92,,,0.21
114.12,,,0.21
114.33,,,0.21
114.54,k,0.21
114.74,k,0.21
114.95,;,0.21
115.15,;,0.21
115.36,lp,0.21
115.57,l,0.21
115.77,m,0.21
115.98,m,0.21
116.18,mp,0.41
116.60,l,0.21
116.80,k,0.21
117.01,jpu,0.21
117.21,j,0.21
117.42,j,0.21
117.63,j,0.21
117.83,lpu,0.21
118.04,l,0.21
118.24,l,0.21
118.45,l,0.21
118.66,ij,0.21
118.86,j,0.41
119.27,j,0.21
119.48,ik,0.21
119.69,k,0.21
119.89,l,0.21
120.10,l,0.21
120.30,;ij,0.21
120.51,;,0.21
120.72,;,0.21
120.92,;,0.21
121.13,;,0.21
121.33,;,0.21
121.54,;,0.21
121.75,;,0.62
122.36,h,0.21
122.57,h,0.21
122.78,j,0.21
122.98,j,0.21
123.19,k,0.21
123.39,k,0.21
123.60,;o,0.21
123.81,;,0.21
124.01,h,0.21
124.22,h,0.21
124.42,h,0.21
124.63,h,0.21
124.84,/,0.21
125.04,/,0.21
125.25,.p,0.41
125.66,.,0.21
125.87,.,0.21
126.07,,,0.21
126.28,,,0.21
126.48,m,0.21
126.69,m,0.21
126.90,ly,0.21
127.10,l,0.21
127.31,;,0.21
127.51,;,0.21
127.72,;,0.41
128.13,;,0.41
128.54,;h,0.21
128.75,;,0.21
128.96,l,0.21
129.16,l,0.21
129.37,;,0.21
129.57,;,0.21
129.78,m,0.21
129.99,m,0.21
130.19,ko,0.21
130.40,k,0.21
130.60,k,0.21
130.81,k,0.62
131.43,m,0.21
131.63,m,0.21
131.84,np,0.21
132.05,n,0.21
132.25,;,0.21
132.46,l,0.21
132.66,l,0.21
132.87,l,0.21
133.08,n,0.21
133.28,n,0.21
133.49,in,0.21
133.69,n,0.21
133.90,;,0.21
134.11,;,0.21
134.31,;,0.21
134.52,;,0.21
134.72,;,0.21
134.93,;,0.21
135.14,h,0.41
135.55,/,0.21
135.75,/,0.21
135.96,.;,0.21
136.17,.,0.21
136.37,/,0.21
136.58,/,0.21
136.78,.o,0.21
136.99,.,0.21
137.20,,,0.21
137.40,,,0.21
137.61,,k,0.41
138.02,m,0.41
138.43,mp,0.41
138.84,m,0.21
139.05,m,0.21
139.26,ln,0.21
139.46,n,0.21
139.67,m,0.21
139.87,m,0.21
140.08,in,0.21
140.29,n,0.21
140.49,;,0.21
140.70,;,0.21
140.90,;j,0.21
141.11,;,0.21
141.32,l,0.21
141.52,l,0.21
141.73,hk,0.21
141.93,k,0.21
142.14,k,0.21
142.35,k,0.21
142.55,i,0.41
142.96,k,0.21
143.17,l,0.21
143.38,;u,0.21
143.58,;,0.21
143.79,l,0.21
143.99,l,0.21
144.20,;o,0.21
144.41,;,0.21
144.61,n,0.21
144.82,;,0.21
145.02,;ou,0.21
145.23,;,0.21
145.44,,,0.41
145.85,,ou,0.21
146.05,,,0.21
146.26,.,0.41
146.67,.ij,0.21
146.88,.,0.21
147.08,.,0.21
147.29,.,0.21
147.50,ij,0.41
147.91,ij,0.41
148.32,ij,0.41
148.73,h,0.21
148.94,h,0.21
149.14,iju,0.21
149.35,j,0.21
149.56,k,0.21
149.76,k,0.21
149.97,;oy,0.21
150.17,;,0.21
150.38,h,0.21
150.59,h,0.21
150.79,hoy,0.21
151.00,h,0.21
151.20,/,0.21
151.41,/,0.21
151.62,.pu,0.41
152.03,.,0.21
152.23,.,0.21
152.44,,pu,0.21
152.65,,,0.21
152.85,m,0.21
153.06,m,0.21
153.26,lpy,0.21
153.47,l,0.21
153.68,;,0.21
153.88,;,0.21
154.09,;py,0.41
154.50,;,0.21
154.71,;,0.21
154.91,/hi,0.21
155.12,/,0.21
155.32,.,0.21
155.53,.,0.21
155.74,,hi,0.21
155.94,,,0.21
156.15,m,0.41
156.56,moy,0.21
156.77,m,0.21
156.97,,,0.21
157.18,,,0.21
157.38,,oy,0.21
157.59,,,0.21
157.80,k,0.21
158.00,k,0.21
158.21,jpu,0.21
158.41,j,0.21
158.62,p,0.21
158.83,p,0.21
159.03,jpu,0.21
159.24,j,0.21
159.44,l,0.41
159.86,lpy,0.21
160.06,l,0.21
160.27,k,0.21
160.47,k,0.21
160.68,kpy,0.21
160.89,k,0.21
161.09,l,0.21
161.30,l,0.21
161.50,;py,0.21
161.71,;,0.21
161.92,/,0.21
162.12,/,0.21
162.33,.py,0.21
162.53,.,0.21
162.74,/,0.21
162.95,/,0.21
163.15,.oy,0.21
163.36,.,0.21
163.56,,,0.21
163.77,,,0.21
163.98,,oy,0.21
164.18,,,0.21
164.39,l,0.21
164.59,l,0.21
164.80,kpu,0.21
165.01,k,0.21
165.21,j,0.21
165.42,j,0.21
165.62,jpu,0.21
165.83,j,0.21
166.04,h,0.21
166.24,h,0.21
166.45,p,0.21
166.65,ipu,0.21
166.86,i,0.21
167.07,i,0.21
167.27,;ip,0.21
167.48,;,0.21
167.68,j,0.21
167.89,j,0.21
168.10,hil,0.21
168.30,l,0.21
168.51,k,0.21
168.71,k,0.21
168.92,hik,0.21
169.13,k,0.21
169.33,.,0.21
169.54,.,0.21
169.74,,ou,0.21
169.95,,,0.21
170.16,,,0.41
170.57,nou,0.21
170.77,n,0.21
170.98,m,0.21
171.19,,,0.21
171.39,,ou,0.21
171.60,,,0.21
171.80,m,0.21
172.01,m,0.21
172.22,,ou,0.21
172.42,,,0.21
172.63,.,0.21
172.83,.,0.21
173.04,/oy,0.21
173.25,/,0.21
173.45,n,0.21
173.66,n,0.21
173.86,noy,0.21
174.07,n,0.21
174.28,/,0.41
174.69,/pu,0.21
174.89,/,0.21
175.10,.,0.21
175.31,.,0.21
175.51,.pu,0.21
175.72,.,0.21
175.92,,,0.21
176.13,,,0.21
176.34,mpu,0.21
176.54,m,0.21
176.75,m,0.21
176.95,m,0.21
177.16,.pu,0.21
177.37,.,0.21
177.57,.,0.21
177.78,.,0.21
177.98,,hi,0.21
178.19,,,0.21
178.40,,,0.21
178.60,,,0.21
178.81,hik,0.21
179.01,k,0.21
179.22,;,0.21
179.43,;,0.21
179.63,lp,0.21
179.84,l,0.21
180.04,m,0.21
180.25,m,0.21
180.46,mp,0.41
180.87,l,0.21
181.07,k,0.21
181.28,jp,0.21
181.49,j,0.21
181.69,k,0.21
181.90,k,0.21
182.10,l,0.21
182.31,l,0.21
182.52,;,0.21
182.72,;,0.21
182.93,hk,0.21
183.13,k,0.21
183.34,j,0.21
183.55,j,0.21
183.75,h,0.21
183.96,h,0.21
184.16,p,0.21
184.37,p,0.21
184.58,oy,0.21
184.78,o,0.21
184.99,o,0.21
185.19,o,0.21
185.40,h,0.21
185.61,h,0.21
185.81,k,0.21
186.02,k,0.21
186.22,,o,0.21
186.43,,,0.21
186.64,,,0.21
186.84,,,0.62
187.46,,,0.21
187.67,,,0.21
187.87,.ij,0.21
188.08,.,0.21
188.28,.,0.21
188.49,.,0.21
188.70,l,0.21
188.90,l,0.21
189.11,k,0.21
189.31,k,0.21
189.52,ij,0.21
189.73,j,0.21
189.93,j,0.21
190.14,j,0.21
190.34,i,0.21
190.55,u,0.21
190.76,i,0.21
190.96,p,0.21
191.17,ho,0.21
191.37,h,0.21
191.58,j,0.21
191.79,j,0.21
191.99,k,0.21
192.20,k,0.21
192.40,;,0.21
192.61,;,0.21
192.82,lp,0.21
193.02,l,0.21
193.23,m,0.21
193.43,m,0.21
193.64,m,0.41
194.05,l,0.21
194.26,k,0.21
194.46,ij,0.21
194.67,j,0.21
194.88,k,0.21
195.08,k,0.21
195.29,l,0.21
195.49,l,0.21
195.70,;,0.21
195.91,;,0.21
196.11,hk,0.21
196.32,k,0.21
196.52,j,0.21
196.73,j,0.21
196.94,h,0.21
197.14,h,0.21
197.35,p,0.21
197.55,p,0.21
197.76,oy,0.21
197.97,o,0.21
198.17,o,0.21
198.38,o,0.21
198.58,h,0.21
198.79,h,0.21
199.00,k,0.21
199.20,k,0.21
199.41,,o,0.21
199.61,,,0.21
199.82,,,0.21
200.03,,,0.62
200.64,,,0.21
200.85,,,0.21
201.06,.ij,0.21
201.26,.,0.21
201.47,.,0.21
201.67,.,0.21
201.88,l,0.21
202.09,l,0.21
202.29,k,0.21
202.50,k,0.21
202.70,;j,0.21
202.91,;,0.21
203.12,;,0.21
203.32,;,0.41
203.73,u,0.21
203.94,i,0.21
204.15,p,0.21
204.35,ho,0.21
204.56,h,0.21
204.76,j,0.21
204.97,j,0.21
205.18,k,0.21
205.38,k,0.21
205.59,k,0.21
205.79,;,0.21
206.00,;,0.21
206.21,;,0.21
206.41,l,0.21
206.62,l,0.21
206.82,l,0.21
207.03,m,0.21
207.24,m,0.21
207.44,m,0.21
207.65,m,0.50
