# 咆哮
# Converted from SkyStudio format
# BPM: 240
# Total chords: 58

Time,Keys,Duration
2.00,;,0.25
2.25,;,0.25
2.50,;,0.25
2.75,;,0.25
3.00,;,0.25
3.25,;,0.25
3.50,;,0.25
3.75,;,0.25
4.00,;,0.25
4.25,;,0.25
4.50,m,0.25
4.75,,,0.25
5.00,.,0.25
5.25,.,0.25
5.50,,,0.25
5.75,m,0.25
6.00,,,0.25
6.25,m,0.25
6.50,;i,0.25
6.75,;,0.25
7.00,im,0.25
7.25,,,0.25
7.50,.,0.25
7.75,.i,0.25
8.00,,,0.25
8.25,m,0.25
8.50,,i,0.25
8.75,m,0.25
9.00,,i,0.25
9.25,m,0.25
9.50,;i,0.25
9.75,;,0.25
10.00,im,0.25
10.25,,,0.25
10.50,.,0.25
10.75,.i,0.25
11.00,,,0.25
11.25,m,0.25
11.50,,i,0.25
11.75,.,0.25
12.00,;i,0.25
12.25,;,0.25
12.50,im,0.25
12.75,,,0.25
13.00,.,0.25
13.25,.i,0.25
13.50,,,0.25
13.75,m,0.25
14.00,,i,0.25
14.25,m,0.25
14.50,,;,0.25
14.75,m,0.25
15.00,;i,0.25
15.25,;,0.25
15.50,im,0.25
15.75,,,0.25
16.00,.,0.25
16.25,i,0.50
