# 山鬼合奏谱（笛）
# Converted from SkyStudio format
# BPM: 475
# Total chords: 799

Time,Keys,Duration
0.00,;h,0.13
0.13,;,0.13
0.25,;,0.25
0.50,;,0.13
0.63,;,0.13
0.76,;,0.13
0.88,;,0.13
1.01,l,0.13
1.13,l,0.13
1.26,l,0.13
1.39,l,0.13
1.51,k,0.13
1.64,k,0.13
1.76,k,0.13
1.89,k,0.13
2.02,;p,0.13
2.14,;,0.13
2.27,;,0.25
2.52,;,0.13
2.65,;,0.13
2.77,;,0.13
2.90,;,0.13
3.02,m,0.13
3.15,m,0.13
3.28,m,0.13
3.40,m,0.63
4.03,,o,0.13
4.16,,,0.13
4.28,,,0.13
4.41,,,0.13
4.54,m,0.13
4.66,m,0.13
4.79,m,0.13
4.91,m,0.13
5.04,;,0.13
5.17,;,0.13
5.29,;,0.13
5.42,;,0.13
5.54,k,0.13
5.67,k,0.13
5.80,k,0.13
5.92,k,0.13
6.05,il,0.13
6.17,l,0.13
6.30,l,0.13
6.43,l,0.13
6.55,;,0.13
6.68,;,0.13
6.80,;,0.13
6.93,;,0.13
7.06,j,0.13
7.18,j,0.13
7.31,j,0.13
7.43,j,0.63
8.06,hu,0.13
8.19,h,0.13
8.32,h,0.25
8.57,h,0.13
8.69,h,0.13
8.82,h,0.13
8.95,h,0.13
9.07,k,0.13
9.20,k,0.13
9.32,k,0.13
9.45,k,0.13
9.58,;,0.13
9.70,;,0.13
9.83,;,0.13
9.95,;,0.13
10.08,il,0.13
10.21,l,0.13
10.33,l,0.13
10.46,l,0.13
10.58,;,0.13
10.71,;,0.13
10.84,;,0.13
10.96,;,0.13
11.09,j,0.13
11.21,j,0.13
11.34,j,0.13
11.47,j,0.63
12.10,hu,0.13
12.22,h,0.13
12.35,h,0.25
12.60,h,0.13
12.73,h,0.13
12.85,h,0.13
12.98,h,0.13
13.10,k,0.13
13.23,k,0.13
13.36,k,0.13
13.48,k,0.13
13.61,;,0.13
13.73,;,0.13
13.86,;,0.13
13.99,;,0.13
14.11,ijl,0.13
14.24,l,0.13
14.36,l,0.13
14.49,l,0.13
14.62,k,0.13
14.74,k,0.13
14.87,k,0.13
14.99,k,0.13
15.12,j,0.13
15.25,j,0.13
15.37,j,0.13
15.50,j,0.63
16.13,,oy,0.13
16.25,,,0.13
16.38,,,0.13
16.51,,,0.13
16.63,,,0.13
16.76,,,0.13
16.88,,,0.13
17.01,,,0.13
17.14,moy,0.13
17.26,m,0.13
17.39,m,0.13
17.51,m,0.13
17.64,,,0.13
17.77,,,0.13
17.89,,,0.13
18.02,,,0.13
18.14,;pu,0.13
18.27,;,0.13
18.40,;,0.13
18.52,;,0.13
18.65,;,0.13
18.77,;,0.13
18.90,;,0.13
19.03,;,0.13
19.15,kpu,0.13
19.28,k,0.13
19.40,k,0.13
19.53,k,0.13
19.66,k,0.13
19.78,k,0.38
20.16,ilp,0.13
20.29,l,0.13
20.41,l,0.13
20.54,l,0.13
20.66,l,0.13
20.79,l,0.13
20.92,l,0.13
21.04,l,0.13
21.17,imp,0.13
21.29,m,0.13
21.42,m,0.13
21.55,m,0.13
21.67,l,0.13
21.80,l,0.13
21.92,l,0.25
22.18,hil,0.13
22.30,;,0.13
22.43,;,0.13
22.55,;,0.13
22.68,;,0.13
22.81,;,0.13
22.93,;,0.13
23.06,;,0.13
23.18,;hi,0.13
23.31,;,0.13
23.44,;,0.13
23.56,;,0.63
24.19,,oy,0.13
24.32,,,0.13
24.44,,,0.13
24.57,,,0.13
24.70,,,0.13
24.82,,,0.13
24.95,,,0.13
25.07,,,0.13
25.20,moy,0.13
25.33,m,0.13
25.45,m,0.13
25.58,m,0.13
25.70,,,0.13
25.83,,,0.13
25.96,,,0.13
26.08,,,0.13
26.21,;pu,0.13
26.33,;,0.13
26.46,;,0.13
26.59,;,0.13
26.71,;,0.13
26.84,;,0.13
26.96,;,0.13
27.09,;,0.13
27.22,kpu,0.13
27.34,k,0.13
27.47,k,0.13
27.59,k,0.13
27.72,k,0.13
27.85,k,0.38
28.22,ilp,0.13
28.35,l,0.13
28.48,l,0.13
28.60,l,0.13
28.73,l,0.13
28.85,l,0.13
28.98,l,0.13
29.11,l,0.13
29.23,imp,0.13
29.36,m,0.13
29.48,m,0.13
29.61,m,0.13
29.74,;,0.13
29.86,;,0.13
29.99,;,0.25
30.24,;py,0.13
30.37,;,0.13
30.49,;,0.13
30.62,;,0.13
30.74,;,0.13
30.87,;,0.13
31.00,;,0.13
31.12,;,0.13
31.25,;py,0.13
31.37,;,0.13
31.50,;,0.13
31.63,;,0.63
32.26,,oy,0.13
32.38,,,0.13
32.51,,,0.13
32.63,,,0.13
32.76,,,0.13
32.89,,,0.13
33.01,,,0.13
33.14,,,0.13
33.26,moy,0.13
33.39,m,0.13
33.52,m,0.13
33.64,m,0.13
33.77,,,0.13
33.89,,,0.13
34.02,,,0.13
34.15,,,0.13
34.27,;pu,0.13
34.40,;,0.13
34.52,;,0.13
34.65,;,0.13
34.78,;,0.13
34.90,;,0.13
35.03,;,0.13
35.15,;,0.13
35.28,kpu,0.13
35.41,k,0.13
35.53,k,0.13
35.66,k,0.13
35.78,k,0.13
35.91,k,0.38
36.29,ilp,0.13
36.41,l,0.13
36.54,l,0.13
36.67,l,0.13
36.79,l,0.13
36.92,l,0.13
37.04,l,0.13
37.17,l,0.13
37.30,.ip,0.13
37.42,.,0.13
37.55,.,0.13
37.67,.,0.13
37.80,.,0.13
37.93,.,0.13
38.05,.,0.13
38.18,.,0.13
38.30,him,0.13
38.43,m,0.13
38.56,m,0.13
38.68,m,0.13
38.81,m,0.13
38.93,m,0.13
39.06,m,0.13
39.19,m,0.13
39.31,him,0.13
39.44,m,0.13
39.56,m,0.13
39.69,m,0.63
40.32,kou,0.13
40.45,k,0.13
40.57,k,0.13
40.70,k,0.13
40.82,h,0.13
40.95,h,0.13
41.08,h,0.13
41.20,h,0.13
41.33,jou,0.13
41.45,j,0.13
41.58,j,0.13
41.71,j,0.13
41.83,k,0.13
41.96,k,0.13
42.08,k,0.13
42.21,k,0.13
42.34,ijl,0.13
42.46,l,0.13
42.59,l,0.13
42.71,l,0.13
42.84,l,0.13
42.97,l,0.13
43.09,l,0.13
43.22,l,0.13
43.34,;ij,0.13
43.47,;,0.13
43.60,;,0.13
43.72,;,0.13
43.85,;,0.13
43.97,;,0.38
44.35,,hi,0.13
44.48,,,0.13
44.60,,,0.13
44.73,,,0.13
44.86,,,0.13
44.98,,,0.13
45.11,,,0.13
45.23,,,0.13
45.36,,hi,0.13
45.49,,,0.13
45.61,,,0.13
45.74,,,0.63
46.37,,hi,0.13
46.49,,,0.13
46.62,,,0.13
46.75,,,0.13
46.87,,hi,0.13
47.00,,,0.13
47.12,,,0.13
47.25,,,0.13
47.38,.ij,0.13
47.50,.,0.13
47.63,.,0.13
47.75,.,0.13
47.88,.,0.13
48.01,.,0.38
48.38,/hi,0.13
48.51,/,0.13
48.64,/,0.13
48.76,/,0.13
48.89,.,0.13
49.01,/,0.13
49.14,.,0.13
49.27,.,0.13
49.39,,hi,0.13
49.52,,,0.13
49.64,,,0.13
49.77,,,0.13
49.90,him,0.13
50.02,,,0.13
50.15,m,0.13
50.27,m,0.13
50.40,;ip,0.13
50.53,;,0.13
50.65,;,0.25
50.90,;,0.13
51.03,;,0.13
51.16,;,0.13
51.28,;,0.13
51.41,imp,0.13
51.53,m,0.13
51.66,m,0.13
51.79,m,0.13
51.91,ip,0.50
52.42,,oy,0.13
52.54,,,0.13
52.67,,,0.13
52.79,,,0.13
52.92,m,0.13
53.05,m,0.13
53.17,,,0.13
53.30,m,0.13
53.42,;oy,0.13
53.55,;,0.13
53.68,;,0.13
53.80,;,0.13
53.93,koy,0.13
54.05,k,0.13
54.18,k,0.13
54.31,k,0.13
54.43,ilu,0.13
54.56,l,0.13
54.68,l,0.13
54.81,l,0.13
54.94,;,0.13
55.06,;,0.13
55.19,;,0.13
55.31,;,0.13
55.44,iju,0.13
55.57,j,0.13
55.69,j,0.13
55.82,j,0.13
55.94,iu,0.50
56.45,kou,0.13
56.57,k,0.13
56.70,k,0.13
56.83,k,0.13
56.95,j,0.13
57.08,j,0.13
57.20,j,0.13
57.33,j,0.13
57.46,kou,0.13
57.58,k,0.13
57.71,k,0.13
57.83,k,0.13
57.96,lou,0.13
58.09,l,0.13
58.21,l,0.13
58.34,l,0.13
58.46,;ip,0.13
58.59,;,0.13
58.72,;,0.13
58.84,;,0.13
58.97,;,0.13
59.09,;,0.13
59.22,l,0.25
59.47,ilp,0.13
59.60,l,0.13
59.72,l,0.13
59.85,l,0.13
59.98,ikp,0.13
60.10,k,0.13
60.23,k,0.13
60.35,k,0.13
60.48,hou,0.13
60.61,h,0.13
60.73,h,0.13
60.86,h,0.13
60.98,j,0.13
61.11,j,0.13
61.24,j,0.13
61.36,j,0.13
61.49,kou,0.13
61.61,k,0.13
61.74,k,0.13
61.87,k,0.13
61.99,lou,0.13
62.12,l,0.13
62.24,l,0.13
62.37,l,0.13
62.50,;iu,0.13
62.62,;,0.13
62.75,;,0.13
62.87,;,0.13
63.00,;,0.13
63.13,;,0.13
63.25,j,0.25
63.50,iju,0.13
63.63,j,0.13
63.76,j,0.13
63.88,j,0.13
64.01,ipu,0.13
64.13,p,0.13
64.26,p,0.13
64.39,p,0.13
64.51,/hi,0.13
64.64,/,0.13
64.76,/,0.13
64.89,/,0.13
65.02,.,0.13
65.14,/,0.13
65.27,.,0.13
65.39,.,0.13
65.52,,hi,0.13
65.65,,,0.13
65.77,,,0.13
65.90,,,0.13
66.02,him,0.13
66.15,,,0.13
66.28,m,0.13
66.40,m,0.13
66.53,;ip,0.13
66.65,;,0.13
66.78,;,0.25
67.03,;,0.13
67.16,;,0.13
67.28,;,0.13
67.41,;,0.13
67.54,imp,0.13
67.66,m,0.13
67.79,m,0.13
67.91,m,0.13
68.04,ip,0.50
68.54,,oy,0.13
68.67,,,0.13
68.80,,,0.13
68.92,,,0.13
69.05,m,0.13
69.17,m,0.13
69.30,,,0.13
69.43,m,0.13
69.55,;oy,0.13
69.68,;,0.13
69.80,;,0.13
69.93,;,0.13
70.06,koy,0.13
70.18,k,0.13
70.31,k,0.13
70.43,k,0.13
70.56,ilu,0.13
70.69,l,0.13
70.81,l,0.13
70.94,l,0.13
71.06,;,0.13
71.19,;,0.13
71.32,;,0.13
71.44,;,0.13
71.57,iju,0.13
71.69,j,0.13
71.82,j,0.13
71.95,j,0.13
72.07,iu,0.50
72.58,hou,0.13
72.70,h,0.13
72.83,h,0.25
73.08,h,0.13
73.21,h,0.13
73.33,h,0.13
73.46,h,0.13
73.58,kou,0.13
73.71,k,0.13
73.84,k,0.13
73.96,k,0.13
74.09,lou,0.13
74.21,;,0.13
74.34,;,0.13
74.47,;,0.13
74.59,ilu,0.13
74.72,l,0.13
74.84,l,0.13
74.97,l,0.13
75.10,;,0.13
75.22,;,0.13
75.35,;,0.13
75.47,;,0.13
75.60,iju,0.13
75.73,j,0.13
75.85,j,0.13
75.98,j,0.13
76.10,iu,0.50
76.61,hil,0.13
76.73,l,0.13
76.86,l,0.13
76.99,l,0.13
77.11,;,0.13
77.24,;,0.13
77.36,;,0.13
77.49,;,0.13
77.62,hil,0.13
77.74,l,0.13
77.87,l,0.13
77.99,l,0.13
78.12,hik,0.13
78.25,k,0.13
78.37,k,0.13
78.50,k,0.13
78.62,hi,0.13
78.75,h,0.13
78.88,h,0.13
79.00,h,0.13
79.13,p,0.13
79.25,p,0.13
79.38,p,0.13
79.51,p,0.13
79.63,h,0.13
79.76,h,0.13
79.88,h,0.13
80.01,h,0.63
80.64,;h,0.13
80.77,;,0.13
80.89,;,0.13
81.02,;,0.13
81.14,;,0.13
81.27,;,0.13
81.40,;,0.13
81.52,;,0.13
81.65,l,0.13
81.77,l,0.13
81.90,l,0.13
82.03,l,0.13
82.15,k,0.13
82.28,k,0.13
82.40,k,0.13
82.53,k,0.13
82.66,;p,0.13
82.78,;,0.13
82.91,;,0.13
83.03,;,0.13
83.16,;,0.13
83.29,;,0.13
83.41,;,0.13
83.54,;,0.13
83.66,m,0.13
83.79,m,0.13
83.92,m,0.13
84.04,m,0.13
84.17,m,0.13
84.29,m,0.38
84.67,,o,0.13
84.80,,,0.13
84.92,,,0.13
85.05,,,0.13
85.18,m,0.13
85.30,m,0.13
85.43,m,0.13
85.55,m,0.13
85.68,;,0.13
85.81,;,0.13
85.93,;,0.13
86.06,;,0.13
86.18,k,0.13
86.31,k,0.13
86.44,k,0.13
86.56,k,0.13
86.69,il,0.13
86.81,l,0.13
86.94,l,0.13
87.07,l,0.13
87.19,;,0.13
87.32,;,0.13
87.44,;,0.13
87.57,;,0.13
87.70,j,0.13
87.82,j,0.13
87.95,j,0.13
88.07,j,0.63
88.70,;ou,0.13
88.83,;,0.13
88.96,;,0.13
89.08,;,0.13
89.21,;,0.13
89.33,;,0.13
89.46,;,0.13
89.59,;,0.13
89.71,lou,0.13
89.84,;,0.13
89.96,;,0.13
90.09,;,0.13
90.22,;,0.13
90.34,;,0.25
90.59,;,0.13
90.72,ilp,0.13
90.85,l,0.13
90.97,l,0.13
91.10,l,0.13
91.22,l,0.13
91.35,l,0.13
91.48,l,0.13
91.60,l,0.13
91.73,imp,0.13
91.85,m,0.13
91.98,m,0.13
92.11,m,0.13
92.23,m,0.13
92.36,m,0.13
92.48,m,0.13
92.61,,,0.13
92.74,mou,0.13
92.86,m,0.13
92.99,m,0.13
93.11,m,0.13
93.24,;,0.13
93.37,;,0.13
93.49,;,0.13
93.62,;,0.13
93.74,;ou,0.13
93.87,;,0.13
94.00,;,0.13
94.12,;,0.13
94.25,;,0.13
94.37,;,0.13
94.50,;,0.13
94.63,;,0.13
94.75,.ij,0.13
94.88,.,0.13
95.00,.,0.13
95.13,.,0.13
95.26,.ij,0.13
95.38,.,0.13
95.51,.,0.13
95.63,.,0.13
95.76,.ij,0.13
95.89,.,0.13
96.01,.,0.13
96.14,.,0.13
96.26,ij,0.50
96.77,/hi,0.13
96.89,/,0.13
97.02,/,0.13
97.15,/,0.13
97.27,.,0.13
97.40,/,0.13
97.52,.,0.13
97.65,.,0.13
97.78,,hi,0.13
97.90,,,0.13
98.03,,,0.13
98.15,,,0.13
98.28,him,0.13
98.41,,,0.13
98.53,m,0.13
98.66,m,0.13
98.78,;ip,0.13
98.91,;,0.13
99.04,;,0.25
99.29,;,0.13
99.41,;,0.13
99.54,;,0.13
99.67,;,0.13
99.79,imp,0.13
99.92,m,0.13
100.04,m,0.13
100.17,m,0.13
100.30,ip,0.50
100.80,,oy,0.13
100.93,,,0.13
101.05,,,0.13
101.18,,,0.13
101.30,m,0.13
101.43,m,0.13
101.56,,,0.13
101.68,m,0.13
101.81,;oy,0.13
101.93,;,0.13
102.06,;,0.13
102.19,;,0.13
102.31,koy,0.13
102.44,k,0.13
102.56,k,0.13
102.69,k,0.13
102.82,ilu,0.13
102.94,l,0.13
103.07,l,0.13
103.19,l,0.13
103.32,;,0.13
103.45,;,0.13
103.57,;,0.13
103.70,;,0.13
103.82,iju,0.13
103.95,j,0.13
104.08,j,0.13
104.20,j,0.13
104.33,iu,0.50
104.83,hou,0.13
104.96,h,0.13
105.08,h,0.25
105.34,h,0.13
105.46,h,0.13
105.59,h,0.13
105.71,h,0.13
105.84,kou,0.13
105.97,k,0.13
106.09,k,0.13
106.22,k,0.13
106.34,lou,0.13
106.47,;,0.13
106.60,;,0.13
106.72,;,0.13
106.85,ilu,0.13
106.97,l,0.13
107.10,l,0.13
107.23,l,0.13
107.35,;,0.13
107.48,;,0.13
107.60,;,0.13
107.73,;,0.13
107.86,iju,0.13
107.98,j,0.13
108.11,j,0.13
108.23,j,0.13
108.36,iu,0.50
108.86,hil,0.13
108.99,l,0.13
109.12,l,0.13
109.24,l,0.13
109.37,;,0.13
109.49,;,0.13
109.62,;,0.13
109.75,;,0.13
109.87,hil,0.13
110.00,l,0.13
110.12,l,0.13
110.25,l,0.13
110.38,hik,0.13
110.50,k,0.13
110.63,k,0.13
110.75,k,0.13
110.88,hi,0.13
111.01,h,0.13
111.13,h,0.13
111.26,h,0.13
111.38,p,0.13
111.51,p,0.13
111.64,p,0.13
111.76,p,0.13
111.89,h,0.13
112.01,h,0.13
112.14,h,0.13
112.27,h,0.50
