# 巴托克evening in transylvania
# Converted from SkyStudio format
# BPM: 450
# Total chords: 129

Time,Keys,Duration
0.00,,,1.06
1.06,hk,0.27
1.33,m,0.27
1.60,;,0.27
1.86,m,0.27
2.13,,,0.27
2.39,m,0.27
2.66,jmp,0.27
2.93,;,1.33
4.26,,,1.06
5.32,hko,0.27
5.59,m,0.27
5.85,;,0.27
6.12,m,0.27
6.38,,,0.27
6.65,m,0.27
6.92,;jop,0.27
7.18,l,1.33
8.51,;,1.06
9.58,ijp,0.27
9.84,l,0.27
10.11,;,0.27
10.37,,,0.27
10.64,m,0.27
10.91,;,0.27
11.17,kou,0.27
11.44,h,1.33
12.77,;,1.06
13.83,py,0.27
14.10,l,0.27
14.36,;,0.27
14.63,m,0.27
14.90,;ijp,0.27
15.16,l,0.27
15.43,hikpy,0.53
15.96,h,3.19
19.15,m,0.13
19.29,,,0.13
19.42,,;hk,0.13
19.55,,,0.13
19.68,m,0.13
19.82,,,0.13
19.95,;kp,0.13
20.08,l,0.13
20.22,k,0.13
20.35,m,0.13
20.48,;hk,0.27
20.75,,,0.27
21.01,;kp,0.27
21.28,m,0.13
21.41,,,0.13
21.55,,;hk,0.13
21.68,,,0.13
21.81,m,0.13
21.95,,,0.13
22.08,;kp,0.13
22.21,l,0.13
22.34,k,0.13
22.48,m,0.13
22.61,;hk,0.27
22.88,,,0.27
23.14,;kp,0.27
23.41,k,0.13
23.54,l,0.13
23.67,ilpy,0.13
23.81,l,0.13
23.94,k,0.13
24.07,l,0.13
24.21,,houy,0.13
24.34,m,0.13
24.47,;,0.13
24.61,k,0.13
24.74,ipy,0.27
25.00,l,0.27
25.27,houy,0.13
25.40,;,0.13
25.54,/,0.13
25.67,m,0.13
25.80,hk,0.27
26.07,,,0.27
26.33,;hkp,0.13
26.47,l,0.13
26.60,/,0.13
26.73,m,0.13
26.87,;hk,0.27
27.13,,,0.27
27.40,;hkp,0.13
27.53,l,0.13
27.66,/,0.13
27.80,m,0.13
27.93,;hk,0.27
28.20,,,1.60
29.79,,,0.53
30.32,hko,0.27
30.59,m,0.27
30.86,;,0.27
31.12,m,0.27
31.39,,,0.27
31.65,m,0.27
31.92,m,0.27
32.19,;,0.27
32.45,hko,1.06
33.52,,,0.53
34.05,hko,0.27
34.31,m,0.27
34.58,;,0.27
34.85,m,0.27
35.11,,,0.27
35.38,m,0.27
35.64,;,0.27
35.91,l,1.33
37.24,;,0.53
37.77,py,0.27
38.04,l,0.27
38.30,;,0.27
38.57,,,0.27
38.84,m,0.27
39.10,;,0.27
39.37,hkoy,0.27
39.63,h,1.33
40.96,;,0.53
41.50,ijp,0.27
41.76,l,0.27
42.03,;,0.27
42.29,m,0.27
42.56,;,0.27
42.83,l,0.27
43.09,hiky,0.53
43.62,h,0.50
