# 核爆神曲aLiez简易版 烛子ikina
# Converted from SkyStudio format
# BPM: 420
# Total chords: 303

Time,Keys,Duration
0.00,hiy,0.28
0.28,k,0.28
0.57,h,0.28
0.85,k,0.28
1.14,j,0.43
1.56,i,0.43
1.99,i,0.28
2.27,hoy,0.28
2.56,k,0.28
2.84,h,0.28
3.12,k,0.28
3.41,j,0.43
3.83,i,0.43
4.26,i,0.28
4.54,hou,0.28
4.83,k,0.28
5.11,h,0.28
5.40,k,0.28
5.68,j,0.43
6.11,i,0.43
6.53,i,0.28
6.82,hiu,0.28
7.10,k,0.28
7.38,h,0.28
7.67,k,0.28
7.95,ij,0.43
8.38,i,0.43
8.80,i,0.28
9.09,,iy,0.28
9.37,/,0.28
9.66,,,0.28
9.94,/,0.28
10.22,.,0.43
10.65,;,0.43
11.08,;,0.28
11.36,,oy,0.28
11.64,/,0.28
11.93,,,0.28
12.21,/,0.28
12.50,.,0.43
12.92,;,0.43
13.35,;,0.28
13.63,,ou,0.28
13.92,/,0.28
14.20,,,0.28
14.48,/,0.28
14.77,.,0.43
15.19,;,0.43
15.62,;,0.28
15.90,,hi,0.28
16.19,/,0.28
16.47,,,0.28
16.76,/,0.28
17.04,.ij,0.43
17.47,;,0.43
17.89,;,0.28
18.18,iy,0.57
18.74,;,0.28
19.03,;,0.14
19.17,;,0.14
19.31,;,0.28
19.60,;,0.28
19.88,m,0.28
20.16,,,0.28
20.45,oy,0.57
21.02,;,0.28
21.30,;,0.14
21.44,;,0.14
21.58,;,0.28
21.87,;,0.28
22.15,m,0.28
22.44,,,0.28
22.72,hu,0.28
23.00,;,0.28
23.29,m,0.28
23.57,,,0.57
24.14,;,0.28
24.42,m,0.28
24.71,,,0.28
24.99,.hi,0.28
25.28,/,0.28
25.56,.,0.28
25.84,/,0.28
26.13,.ij,0.28
26.41,;,0.28
26.70,;,0.57
27.26,iy,0.57
27.83,;,0.28
28.12,;,0.14
28.26,;,0.14
28.40,;,0.28
28.68,;,0.28
28.97,m,0.28
29.25,,,0.28
29.54,oy,0.57
30.10,/,0.28
30.39,.,0.57
30.96,/,0.28
31.24,,,0.57
31.81,ou,0.57
32.38,,,0.28
32.66,.,0.28
32.94,/,0.28
33.23,,,0.28
33.51,.,0.28
33.80,/,0.28
34.08,.hi,0.28
34.36,/,0.28
34.65,.,0.28
34.93,/,0.28
35.22,.ij,0.28
35.50,m,0.28
35.78,m,0.57
36.35,hoy,0.28
36.64,p,0.28
36.92,h,0.28
37.20,k,0.14
37.35,h,0.14
37.49,oy,0.28
37.77,p,0.28
38.06,h,0.28
38.34,k,0.14
38.48,l,0.14
38.62,pu,0.28
38.91,k,0.28
39.19,k,0.28
39.48,h,0.28
39.76,lpu,0.43
40.19,h,0.71
40.90,hou,0.28
41.18,p,0.28
41.46,h,0.28
41.75,k,0.14
41.89,h,0.14
42.03,ou,0.28
42.32,p,0.28
42.60,h,0.28
42.88,k,0.14
43.03,j,0.14
43.17,i,0.28
43.45,p,0.28
43.74,p,0.28
44.02,i,0.28
44.30,ij,0.43
44.73,p,0.71
45.44,,oy,0.28
45.72,m,0.28
46.01,,,0.28
46.29,/,0.14
46.43,,,0.14
46.58,oy,0.28
46.86,m,0.28
47.14,,,0.28
47.43,/,0.14
47.57,.,0.14
47.71,pu,0.28
48.00,/,0.28
48.28,/,0.28
48.56,,,0.28
48.85,.pu,0.43
49.27,,,0.71
49.98,;ou,0.28
50.27,/,0.28
50.55,.,0.28
50.84,,,0.14
50.98,.,0.14
51.12,ou,0.28
51.40,/,0.28
51.69,.,0.28
51.97,,,0.14
52.11,.,0.14
52.26,hi,1.14
53.39,ij,0.43
53.82,;,0.43
54.24,h,0.28
54.53,;hy,0.57
55.10,m,0.28
55.38,;,0.28
55.66,hy,0.28
55.95,;,0.57
56.52,h,0.28
56.80,;oy,0.57
57.37,m,0.28
57.65,;,0.28
57.94,oy,0.28
58.22,;,0.57
58.79,h,0.28
59.07,;hu,0.57
59.64,n,0.28
59.92,;,0.28
60.21,hu,0.28
60.49,;,0.57
61.06,k,0.28
61.34,hil,0.28
61.63,k,0.28
61.91,l,0.28
62.20,k,0.28
62.48,;ij,0.43
62.91,h,0.43
63.33,h,0.28
63.62,;hy,0.57
64.18,m,0.28
64.47,;,0.28
64.75,hy,0.28
65.04,;,0.57
65.60,h,0.28
65.89,;oy,0.57
66.46,m,0.28
66.74,;,0.28
67.02,oy,0.28
67.31,;,0.57
67.88,h,0.28
68.16,;hu,0.57
68.73,n,0.28
69.01,;,0.28
69.30,hu,0.28
69.58,;,0.57
70.15,k,0.28
70.43,hil,0.28
70.72,;,0.28
71.00,l,0.28
71.28,;,0.28
71.57,ijl,0.43
71.99,m,0.43
72.42,;,0.28
72.70,hy,0.28
72.99,m,0.28
73.27,l,0.57
73.84,hly,0.43
74.27,k,0.43
74.69,h,0.28
74.98,oy,0.28
75.26,m,0.28
75.54,l,0.57
76.11,loy,0.43
76.54,k,0.43
76.96,h,0.28
77.25,ou,0.28
77.53,m,0.28
77.82,l,0.57
78.38,lou,0.43
78.81,k,0.43
79.24,h,0.28
79.52,hou,0.28
79.80,k,0.28
80.09,h,0.28
80.37,k,0.28
80.66,iju,0.43
81.08,i,0.43
81.51,i,0.28
81.79,hy,0.28
82.08,m,0.28
82.36,l,0.57
82.93,hly,0.43
83.35,k,0.43
83.78,h,0.28
84.06,oy,0.28
84.35,m,0.28
84.63,l,0.57
85.20,loy,0.43
85.63,k,0.43
86.05,h,0.28
86.34,ou,0.28
86.62,m,0.28
86.90,l,0.57
87.47,lou,0.43
87.90,k,0.43
88.32,h,0.28
88.61,hou,0.28
88.89,k,0.28
89.18,h,0.28
89.46,k,0.28
89.74,ij,0.43
90.17,i,0.43
90.60,i,0.28
90.88,,iy,0.28
91.16,/,0.28
91.45,,,0.28
91.73,/,0.28
92.02,.,0.43
92.44,;,0.43
92.87,;,0.28
93.15,,oy,0.28
93.44,/,0.28
93.72,,,0.28
94.00,/,0.28
94.29,.,0.43
94.71,;,0.43
95.14,;,0.28
95.42,,ou,0.28
95.71,/,0.28
95.99,,,0.28
96.28,/,0.28
96.56,.,0.43
96.99,;,0.43
97.41,;,0.28
97.70,,iu,0.28
97.98,/,0.28
98.26,,,0.28
98.55,/,0.28
98.83,.i,0.43
99.26,;i,0.43
99.68,;i,0.50
