# 樱花樱花想见你
# Converted from SkyStudio format
# BPM: 240
# Total chords: 952

Time,Keys,Duration
3.50,k,0.25
3.75,l,0.25
4.00,;,0.25
4.25,;,0.25
4.50,;,0.25
4.75,;,0.25
5.00,;,0.50
5.50,,,0.50
6.00,m,0.50
6.50,l,0.25
6.75,;,0.25
7.00,l,0.25
7.25,l,0.25
7.50,l,0.25
7.75,l,0.25
8.00,l,0.25
8.25,k,0.25
8.50,k,0.25
8.75,k,0.25
9.00,k,0.50
9.50,n,0.50
10.00,;,1.25
11.25,h,0.25
11.50,h,0.25
11.75,j,0.25
12.00,k,0.25
12.25,k,0.50
12.75,k,0.25
13.00,k,0.25
13.25,;,0.50
13.75,;,0.25
14.00,l,0.50
14.50,j,0.25
14.75,j,0.25
15.00,j,0.25
15.25,j,0.25
15.50,k,0.25
15.75,l,0.50
16.25,p,0.25
16.50,p,0.25
16.75,p,0.25
17.00,m,0.50
17.50,n,0.50
18.00,;,0.50
18.50,;,0.25
18.75,n,0.25
19.00,;,0.50
19.50,k,0.25
19.75,l,0.25
20.00,;,0.25
20.25,;,0.25
20.50,;,0.25
20.75,;,0.25
21.00,;,0.50
21.50,,,0.50
22.00,m,0.50
22.50,l,0.25
22.75,;,0.25
23.00,;,0.25
23.25,l,0.25
23.50,l,0.25
23.75,l,0.25
24.00,l,0.25
24.25,k,0.25
24.50,k,0.25
24.75,k,0.25
25.00,k,0.50
25.50,n,0.50
26.00,;,1.25
27.25,h,0.25
27.50,h,0.25
27.75,j,0.25
28.00,k,0.50
28.50,k,0.50
29.00,;,0.25
29.25,;,0.25
29.50,;,0.25
29.75,;,0.25
30.00,l,0.50
30.50,j,0.25
30.75,j,0.25
31.00,j,0.25
31.25,j,0.25
31.50,k,0.25
31.75,l,0.50
32.25,p,0.25
32.50,p,0.25
32.75,p,0.25
33.00,m,0.25
33.25,m,0.25
33.50,n,0.25
33.75,n,0.25
34.00,;,1.25
35.25,k,0.25
35.50,k,0.25
35.75,l,0.25
36.00,;,0.50
36.50,;,0.25
36.75,;,0.25
37.00,;,0.25
37.25,;,0.25
37.50,;,0.25
37.75,;,0.25
38.00,l,0.25
38.25,l,0.75
39.00,k,0.25
39.25,j,0.50
39.75,k,3.50
43.25,k,0.50
43.75,l,0.25
44.00,;,0.25
44.25,;,1.00
45.25,;,0.50
45.75,;,0.25
46.00,l,0.25
46.25,l,0.75
47.00,k,0.25
47.25,j,0.50
47.75,k,4.00
51.75,k,0.25
52.00,;,0.25
52.25,;,0.50
52.75,;,0.25
53.00,;,0.25
53.25,;,0.25
53.50,;,0.25
53.75,;,0.25
54.00,l,0.50
54.50,l,0.50
55.00,l,0.25
55.25,;,0.50
55.75,m,0.25
56.00,k,0.25
56.25,k,0.25
56.50,k,0.25
56.75,;,0.25
57.00,k,0.50
57.50,k,0.25
57.75,k,0.25
58.00,l,0.50
58.50,;l,1.00
59.50,l,0.25
59.75,l,0.25
60.00,k,0.25
60.25,k,0.25
60.50,k,0.50
61.00,k,0.25
61.25,k,0.25
61.50,k,0.25
61.75,k,0.25
62.00,p,0.50
62.50,p,0.25
62.75,p,0.25
63.00,l,0.25
63.25,l,0.50
63.75,l,0.25
64.00,l,0.25
64.25,l,0.25
64.50,l,0.25
64.75,k,3.25
68.00,;,0.25
68.25,;,0.50
68.75,;,0.25
69.00,;,0.25
69.25,;,0.25
69.50,;,0.25
69.75,;,0.25
70.00,l,0.50
70.50,l,0.25
70.75,l,0.25
71.00,l,0.50
71.50,p,0.25
71.75,p,0.25
72.00,k,0.25
72.25,k,0.25
72.50,k,0.25
72.75,i,0.25
73.00,k,0.50
73.50,k,0.25
73.75,k,0.25
74.00,l,0.50
74.50,;l,1.00
75.50,p,0.25
75.75,p,0.25
76.00,k,0.25
76.25,k,0.25
76.50,k,0.50
77.00,k,0.25
77.25,k,0.25
77.50,k,0.25
77.75,k,0.25
78.00,p,0.25
78.25,p,0.25
78.50,p,0.50
79.00,l,0.25
79.25,l,0.25
79.50,l,0.25
79.75,l,0.25
80.00,l,0.50
80.50,l,0.25
80.75,k,3.25
84.00,h,0.25
84.25,h,0.25
84.50,h,0.25
84.75,h,0.25
85.00,k,0.50
85.50,k,0.25
85.75,k,0.25
86.00,j,0.75
86.75,j,0.25
87.00,k,0.25
87.25,j,0.25
87.50,h,0.25
87.75,p,0.25
88.00,h,0.75
88.75,p,0.25
89.00,k,0.25
89.25,j,0.25
89.50,h,0.25
89.75,p,0.25
90.00,i,1.00
91.00,i,1.00
92.00,h,0.25
92.25,h,0.50
92.75,h,0.25
93.00,k,0.25
93.25,k,0.25
93.50,k,0.25
93.75,k,0.25
94.00,j,0.75
94.75,j,0.25
95.00,k,0.25
95.25,j,0.25
95.50,h,0.25
95.75,p,0.25
96.00,h,0.50
96.50,h,0.25
96.75,h,0.25
97.00,k,0.25
97.25,j,0.25
97.50,h,0.25
97.75,p,0.25
98.00,i,1.75
99.75,i,0.25
100.00,k,0.25
100.25,k,0.25
100.50,k,0.25
100.75,k,0.25
101.00,;,0.25
101.25,;,0.25
101.50,;,0.25
101.75,;,0.25
102.00,l,0.75
102.75,l,0.25
103.00,;,0.25
103.25,l,0.25
103.50,k,0.25
103.75,j,0.25
104.00,k,1.00
105.00,;,0.25
105.25,;,0.25
105.50,;,0.25
105.75,;,0.25
106.00,l,0.75
106.75,j,0.25
107.00,j,0.25
107.25,j,0.25
107.50,k,0.25
107.75,l,0.25
108.00,;,0.50
108.50,l,0.50
109.00,j,0.50
109.50,k,0.25
109.75,l,0.25
110.00,;,0.50
110.50,l,0.25
110.75,j,0.25
111.00,j,0.25
111.25,j,0.25
111.50,k,0.25
111.75,l,0.25
112.00,;,0.50
112.50,l,0.25
112.75,l,0.25
113.00,m,0.50
113.50,;,2.00
115.50,k,0.25
115.75,l,0.25
116.00,;,0.25
116.25,;,0.25
116.50,;,0.25
116.75,;,0.25
117.00,;,0.50
117.50,,,0.50
118.00,m,0.50
118.50,l,0.25
118.75,;,0.25
119.00,;,0.25
119.25,l,0.25
119.50,l,0.25
119.75,l,0.25
120.00,l,0.25
120.25,k,0.25
120.50,k,0.25
120.75,k,0.25
121.00,k,0.50
121.50,n,0.50
122.00,;,1.25
123.25,h,0.25
123.50,h,0.25
123.75,j,0.25
124.00,k,0.25
124.25,k,0.50
124.75,k,0.25
125.00,;,0.25
125.25,;,0.50
125.75,;,0.25
126.00,l,0.50
126.50,j,0.25
126.75,j,0.25
127.00,j,0.25
127.25,j,0.25
127.50,k,0.25
127.75,l,0.50
128.25,p,0.25
128.50,p,0.25
128.75,p,0.25
129.00,m,0.50
129.50,n,0.50
130.00,;,0.50
130.50,;,0.25
130.75,n,0.25
131.00,;,0.50
131.50,k,0.25
131.75,l,0.25
132.00,;,0.25
132.25,;,0.25
132.50,;,0.25
132.75,;,0.25
133.00,;,0.50
133.50,,,0.50
134.00,m,0.50
134.50,l,0.25
134.75,;,0.25
135.00,;,0.25
135.25,l,0.25
135.50,l,0.25
135.75,l,0.25
136.00,l,0.25
136.25,k,0.25
136.50,k,0.25
136.75,k,0.25
137.00,k,0.50
137.50,n,0.50
138.00,;,1.25
139.25,h,0.25
139.50,h,0.25
139.75,j,0.25
140.00,k,0.50
140.50,k,0.50
141.00,;,0.25
141.25,;,0.25
141.50,;,0.25
141.75,;,0.25
142.00,l,0.50
142.50,j,0.25
142.75,j,0.25
143.00,j,0.25
143.25,j,0.25
143.50,k,0.25
143.75,l,0.50
144.25,p,0.25
144.50,p,0.25
144.75,p,0.25
145.00,m,0.25
145.25,m,0.25
145.50,n,0.25
145.75,n,0.25
146.00,;,1.25
147.25,k,0.25
147.50,k,0.25
147.75,l,0.25
148.00,;,0.50
148.50,;,0.25
148.75,;,0.25
149.00,;,0.25
149.25,;,0.25
149.50,;,0.25
149.75,;,0.25
150.00,l,0.25
150.25,l,0.75
151.00,k,0.25
151.25,j,0.50
151.75,k,3.50
155.25,k,0.50
155.75,l,0.25
156.00,;,0.25
156.25,;,1.00
157.25,;,0.50
157.75,;,0.25
158.00,l,0.50
158.50,l,0.50
159.00,k,0.25
159.25,j,0.50
159.75,k,0.25
160.00,;,0.25
160.25,;,0.25
160.50,;,0.25
160.75,p,0.25
161.00,;,0.25
161.25,;,0.25
161.50,;,0.25
161.75,p,0.25
162.00,l,0.25
162.25,l,0.25
162.50,l,0.25
162.75,p,0.25
163.00,l,0.25
163.25,l,0.25
163.50,l,0.25
163.75,l,0.25
164.00,k,0.25
164.25,k,0.25
164.50,k,0.25
164.75,i,0.25
165.00,k,0.25
165.25,k,0.25
165.50,k,0.25
165.75,k,0.25
166.00,l,0.25
166.25,l,0.25
166.50,;l,1.00
167.50,p,0.25
167.75,p,0.25
168.00,k,0.25
168.25,k,0.50
168.75,k,0.25
169.00,k,0.25
169.25,k,0.50
169.75,k,0.25
170.00,p,0.25
170.25,p,0.25
170.50,p,0.25
170.75,p,0.25
171.00,l,0.25
171.25,l,0.25
171.50,l,0.25
171.75,l,0.25
172.00,l,0.50
172.50,k,3.50
176.00,;,0.25
176.25,;,0.25
176.50,;,0.25
176.75,p,0.25
177.00,;,0.25
177.25,;,0.25
177.50,;,0.25
177.75,;,0.25
178.00,l,0.25
178.25,l,0.25
178.50,l,0.25
178.75,p,0.25
179.00,l,0.25
179.25,l,0.25
179.50,l,0.25
179.75,l,0.25
180.00,k,0.25
180.25,k,0.25
180.50,k,0.25
180.75,p,0.25
181.00,k,0.25
181.25,k,0.25
181.50,k,0.25
181.75,k,0.25
182.00,l,0.25
182.25,l,0.25
182.50,;l,1.00
183.50,p,0.25
183.75,p,0.25
184.00,k,0.25
184.25,k,0.50
184.75,k,0.25
185.00,k,0.25
185.25,k,0.50
185.75,k,0.25
186.00,p,0.25
186.25,p,0.25
186.50,p,0.25
186.75,p,0.25
187.00,l,0.25
187.25,l,0.25
187.50,l,0.25
187.75,l,0.25
188.00,l,0.50
188.50,k,3.25
191.75,;,0.25
192.00,h,0.25
192.25,h,0.25
192.50,h,0.25
192.75,h,0.25
193.00,k,0.25
193.25,k,0.25
193.50,k,0.25
193.75,k,0.25
194.00,j,0.50
194.50,j,0.25
194.75,j,0.25
195.00,k,0.25
195.25,j,0.25
195.50,h,0.25
195.75,p,0.25
196.00,h,0.75
196.75,p,0.25
197.00,k,0.25
197.25,j,0.25
197.50,h,0.25
197.75,p,0.25
198.00,;,1.75
199.75,;,0.25
200.00,h,0.25
200.25,h,0.25
200.50,h,0.25
200.75,h,0.25
201.00,k,0.25
201.25,k,0.25
201.50,k,0.25
201.75,k,0.25
202.00,j,0.50
202.50,j,0.25
202.75,j,0.25
203.00,k,0.25
203.25,j,0.25
203.50,h,0.25
203.75,p,0.25
204.00,h,0.50
204.50,p,0.50
205.00,k,0.25
205.25,j,0.25
205.50,h,0.25
205.75,p,0.25
206.00,p,1.75
207.75,p,0.25
208.00,k,0.25
208.25,k,0.25
208.50,k,0.25
208.75,k,0.25
209.00,;,0.25
209.25,;,0.25
209.50,;,0.25
209.75,;,0.25
210.00,l,0.75
210.75,l,0.25
211.00,;,0.25
211.25,l,0.25
211.50,k,0.25
211.75,j,0.25
212.00,k,0.75
212.75,;,0.25
213.00,;,0.25
213.25,;,0.25
213.50,;,0.25
213.75,;,0.25
214.00,l,0.75
214.75,j,0.25
215.00,j,0.25
215.25,j,0.25
215.50,k,0.25
215.75,l,0.25
216.00,;,0.50
216.50,l,0.50
217.00,j,0.25
217.25,j,0.25
217.50,k,0.25
217.75,l,0.25
218.00,;,0.50
218.50,l,0.25
218.75,j,0.25
219.00,j,0.25
219.25,j,0.25
219.50,k,0.25
219.75,l,0.25
220.00,;,0.50
220.50,l,0.25
220.75,l,0.25
221.00,m,0.50
221.50,;,2.00
223.50,k,0.25
223.75,l,0.25
224.00,;,0.25
224.25,;,0.25
224.50,;,0.25
224.75,;,0.25
225.00,;,0.50
225.50,,,0.50
226.00,m,0.50
226.50,l,0.25
226.75,;,0.25
227.00,;,0.25
227.25,l,0.25
227.50,l,0.25
227.75,l,0.25
228.00,l,0.25
228.25,k,0.25
228.50,k,0.25
228.75,k,0.25
229.00,k,0.50
229.50,n,0.50
230.00,;,1.25
231.25,h,0.50
231.75,j,0.25
232.00,k,0.25
232.25,k,0.25
232.50,k,0.25
232.75,k,0.25
233.00,;,0.25
233.25,;,0.25
233.50,;,0.25
233.75,;,0.25
234.00,l,0.50
234.50,j,0.25
234.75,j,0.25
235.00,j,0.25
235.25,j,0.25
235.50,k,0.25
235.75,l,0.75
236.50,p,0.25
236.75,p,0.25
237.00,m,0.25
237.25,n,0.25
237.50,n,0.25
237.75,n,0.25
238.00,;,0.50
238.50,n,0.25
238.75,;,0.75
239.50,k,0.25
239.75,l,0.25
240.00,;,0.25
240.25,;,0.25
240.50,;,0.25
240.75,;,0.25
241.00,;,0.50
241.50,h,0.50
242.00,m,0.50
242.50,l,0.25
242.75,;,0.25
243.00,;,0.25
243.25,l,0.25
243.50,l,0.25
243.75,l,0.25
244.00,l,0.25
244.25,k,0.25
244.50,k,0.25
244.75,k,0.25
245.00,k,0.50
245.50,n,0.50
246.00,;,1.25
247.25,h,0.25
247.50,h,0.25
247.75,j,0.25
248.00,k,0.50
248.50,k,0.50
249.00,;,0.25
249.25,;,0.25
249.50,;,0.25
249.75,;,0.25
250.00,l,0.50
250.50,j,0.25
250.75,j,0.25
251.00,j,0.25
251.25,j,0.25
251.50,k,0.25
251.75,l,0.75
252.50,p,0.25
252.75,p,0.25
253.00,m,0.25
253.25,m,0.25
253.50,n,0.25
253.75,n,0.25
254.00,;,1.25
255.25,k,0.25
255.50,k,0.25
255.75,l,0.25
256.00,;,7.50
263.50,k,0.25
263.75,l,0.25
264.00,;,0.50
264.50,l,0.50
265.00,;,0.50
265.50,,,0.50
266.00,m,0.50
266.50,;,0.50
267.00,l,0.50
267.50,;,0.50
268.00,l,0.50
268.50,k,3.00
271.50,k,0.25
271.75,l,0.25
272.00,;,0.50
272.50,l,0.50
273.00,;,0.50
273.50,,,0.50
274.00,.,0.50
274.50,,,0.50
275.00,m,0.50
275.50,.,0.50
276.00,,,0.50
276.50,/,3.50
280.00,h,0.50
280.50,j,0.50
281.00,;,0.50
281.50,h,0.50
282.00,j,1.00
283.00,;,0.50
283.50,j,0.50
284.00,h,1.00
285.00,i,0.50
285.50,h,0.50
286.00,j,1.50
287.50,k,0.25
287.75,l,0.25
288.00,;,0.25
288.25,;,0.25
288.50,;,0.25
288.75,;,0.25
289.00,;,0.50
289.50,,,0.50
290.00,m,0.50
290.50,l,0.25
290.75,;,0.25
291.00,;,0.25
291.25,l,0.25
291.50,l,0.25
291.75,l,0.25
292.00,l,0.25
292.25,k,0.25
292.50,k,0.25
292.75,k,0.25
293.00,k,0.50
293.50,n,0.50
294.00,;,1.25
295.25,h,0.25
295.50,h,0.25
295.75,j,0.25
296.00,k,0.25
296.25,k,0.25
296.50,k,0.25
296.75,k,0.25
297.00,;,0.50
297.50,;,0.25
297.75,;,0.25
298.00,l,0.50
298.50,j,0.25
298.75,j,0.25
299.00,j,0.25
299.25,j,0.25
299.50,k,0.25
299.75,l,0.75
300.50,p,0.25
300.75,p,0.25
301.00,m,0.25
301.25,m,0.25
301.50,n,0.25
301.75,n,0.25
302.00,;,0.25
302.25,;,0.25
302.50,;,0.25
302.75,n,0.25
303.00,;,0.50
303.50,k,0.25
303.75,l,0.25
304.00,;,0.25
304.25,;,0.25
304.50,;,0.25
304.75,;,0.25
305.00,;,0.50
305.50,h,0.50
306.00,m,0.50
306.50,l,0.25
306.75,;,0.25
307.00,;,0.25
307.25,l,0.25
307.50,l,0.25
307.75,l,0.25
308.00,l,0.25
308.25,k,0.25
308.50,k,0.25
308.75,k,0.25
309.00,k,0.50
309.50,n,0.50
310.00,;,1.25
311.25,h,0.25
311.50,h,0.25
311.75,j,0.25
312.00,k,0.50
312.50,k,0.50
313.00,;,0.25
313.25,;,0.25
313.50,;,0.25
313.75,;,0.25
314.00,l,0.50
314.50,j,0.25
314.75,j,0.25
315.00,j,0.25
315.25,j,0.25
315.50,k,0.25
315.75,l,0.75
316.50,p,0.25
316.75,p,0.25
317.00,m,0.25
317.25,m,0.25
317.50,n,0.25
317.75,n,0.25
318.00,;,1.00
319.00,j,0.50
319.50,k,0.25
319.75,l,0.25
320.00,l,1.00
321.00,j,0.50
321.50,k,0.25
321.75,l,0.25
322.00,;,1.50
323.50,k,0.25
323.75,l,0.25
324.00,;,0.25
324.25,;,0.25
324.50,;,0.25
324.75,;,0.25
325.00,;,0.50
325.50,h,0.50
326.00,m,0.50
326.50,l,0.25
326.75,;,0.25
327.00,;,0.25
327.25,l,0.25
327.50,l,0.25
327.75,l,0.25
328.00,l,0.25
328.25,k,0.25
328.50,k,0.25
328.75,k,0.25
329.00,k,0.50
329.50,n,0.50
330.00,;,1.25
331.25,h,0.25
331.50,h,0.25
331.75,j,0.25
332.00,k,0.25
332.25,k,0.50
332.75,k,0.25
333.00,;,0.25
333.25,;,0.25
333.50,;,0.25
333.75,;,0.25
334.00,l,0.50
334.50,j,0.25
334.75,j,0.25
335.00,j,0.25
335.25,j,0.25
335.50,k,0.25
335.75,l,0.50
336.25,p,0.25
336.50,p,0.25
336.75,p,0.25
337.00,m,0.50
337.50,n,0.50
338.00,;,0.50
338.50,;,0.25
338.75,n,0.25
339.00,;,0.50
339.50,k,0.25
339.75,l,0.25
340.00,;,0.25
340.25,;,0.25
340.50,;,0.25
340.75,;,0.25
341.00,;,0.50
341.50,h,0.50
342.00,m,0.50
342.50,l,0.25
342.75,;,0.25
343.00,;,0.25
343.25,l,0.25
343.50,l,0.25
343.75,l,0.25
344.00,l,0.25
344.25,k,0.25
344.50,k,0.25
344.75,k,0.25
345.00,k,0.50
345.50,h,0.50
346.00,;,1.25
347.25,h,0.25
347.50,h,0.25
347.75,j,0.25
348.00,k,0.50
348.50,k,0.50
349.00,;,0.25
349.25,;,0.25
349.50,;,0.25
349.75,;,0.25
350.00,l,0.50
350.50,j,0.25
350.75,j,0.25
351.00,j,0.25
351.25,j,0.25
351.50,k,0.25
351.75,l,0.50
352.25,p,0.25
352.50,p,0.25
352.75,p,0.25
353.00,m,0.25
353.25,m,0.25
353.50,n,0.25
353.75,n,0.25
354.00,;,1.25
355.25,k,0.25
355.50,k,0.25
355.75,l,0.25
356.00,;,0.50
356.50,;,0.25
356.75,;,0.25
357.00,;,0.25
357.25,;,0.25
357.50,;,0.25
357.75,;,0.25
358.00,l,0.25
358.25,l,0.75
359.00,k,0.25
359.25,j,0.50
359.75,k,3.50
363.25,k,0.50
363.75,l,0.25
364.00,;,0.50
364.50,;,0.75
365.25,;,0.50
365.75,;,0.25
366.00,l,0.50
366.50,l,0.50
367.00,k,0.25
367.25,j,0.50
367.75,k,3.50
371.25,k,0.50
371.75,l,0.25
372.00,;,0.25
372.25,;,1.25
373.50,;,0.25
373.75,;,0.25
374.00,l,0.25
374.25,l,3.75
378.00,k,0.25
378.25,j,0.50
378.75,k,0.50
