# 烟袋斜街
# Converted from SkyStudio format
# BPM: 240
# Total chords: 120

Time,Keys,Duration
0.00,/,0.25
0.25,.,0.25
0.50,,,0.25
0.75,m,0.25
1.00,;,0.50
1.50,m,0.50
2.00,kmo,0.50
2.50,;,0.75
3.25,l,0.50
3.75,jlp,0.50
4.25,;,0.75
5.00,m,0.50
5.50,mpy,0.50
6.00,;,0.75
6.75,/,0.25
7.00,.,0.25
7.25,,,0.25
7.50,m,0.25
7.75,;,0.50
8.25,m,0.50
8.75,kmo,0.50
9.25,;,0.75
10.00,l,0.50
10.50,jlp,0.50
11.00,;,0.75
11.75,m,0.50
12.25,mpy,0.50
12.75,;,0.75
13.50,h,0.25
13.75,j,0.25
14.00,k,0.25
14.25,l,0.25
14.50,k,0.25
14.75,l,0.25
15.00,;,0.25
15.25,m,0.50
15.75,kmo,0.50
16.25,,,0.75
17.00,,,0.50
17.50,,lp,0.50
18.00,.,0.75
18.75,.,0.50
19.25,.;h,0.50
19.75,/,0.75
20.50,/,0.25
20.75,.,0.25
21.00,,,0.25
21.25,m,0.25
21.50,,,0.25
21.75,m,0.25
22.00,;,0.25
22.25,l,0.50
22.75,hlo,0.50
23.25,;,0.75
24.00,l,0.50
24.50,jlp,0.50
25.00,k,0.75
25.75,j,0.50
26.25,hij,0.50
26.75,k,0.75
27.50,/,0.25
27.75,.,0.25
28.00,,,0.25
28.25,m,0.25
28.50,;,0.50
29.00,m,0.50
29.50,kmo,0.50
30.00,;,0.75
30.75,l,0.50
31.25,jlp,0.50
31.75,;,0.75
32.50,m,0.50
33.00,mpy,0.50
33.50,;,0.75
34.25,/,0.25
34.50,.,0.25
34.75,,,0.25
35.00,m,0.25
35.25,;,0.50
35.75,m,0.50
36.25,kmo,0.50
36.75,;,0.75
37.50,l,0.50
38.00,jlp,0.50
38.50,;,0.75
39.25,m,0.50
39.75,mpy,0.50
40.25,;,0.75
41.00,h,0.25
41.25,j,0.25
41.50,k,0.25
41.75,l,0.25
42.00,k,0.25
42.25,l,0.25
42.50,;,0.25
42.75,m,0.50
43.25,kmo,0.50
43.75,,,0.75
44.50,,,0.50
45.00,,lp,0.50
45.50,.,0.75
46.25,.,0.50
46.75,.;h,0.50
47.25,/,0.75
48.00,/,0.25
48.25,.,0.25
48.50,,,0.25
48.75,m,0.25
49.00,,,0.25
49.25,m,0.25
49.50,;,0.25
49.75,l,0.50
50.25,hlo,0.50
50.75,;,0.75
51.50,l,0.50
52.00,jlp,0.50
52.50,k,0.75
53.25,j,0.50
53.75,hij,0.50
54.25,k,0.50
