# 猪八戒背媳妇(简易单指)
# Converted from SkyStudio format
# BPM: 440
# Total chords: 67

Time,Keys,Duration
0.00,h,0.54
0.54,;,0.41
0.95,m,0.14
1.09,;,0.27
1.36,h,0.27
1.63,k,0.54
2.18,h,0.14
2.31,k,0.14
2.45,h,0.14
2.58,k,0.14
2.72,;,0.54
3.26,;,0.14
3.40,l,0.14
3.54,;,0.14
3.67,k,0.14
3.81,h,0.54
4.35,;,0.41
4.76,m,0.14
4.90,,,0.27
5.17,,,0.27
5.44,,,0.27
5.71,;,0.27
5.98,m,0.54
6.53,;,0.14
6.66,m,0.14
6.80,;,0.14
6.94,m,0.14
7.07,,,0.27
7.34,,,0.27
7.62,,,0.27
7.89,;,0.27
8.16,m,0.54
8.70,m,0.27
8.98,h,0.27
9.25,m,0.27
9.52,h,0.27
9.79,;,0.27
10.06,l,0.14
10.20,;,0.14
10.34,k,0.54
10.88,l,0.54
11.42,l,0.54
11.97,l,0.14
12.10,k,0.14
12.24,l,0.27
12.51,;,0.27
12.78,m,0.27
13.06,h,0.54
13.60,;,0.54
14.14,i,0.54
14.69,;,0.54
15.23,i,0.27
15.50,;,0.27
15.78,i,0.27
16.05,;,0.27
16.32,i,0.27
16.59,l,0.14
16.73,;,0.14
16.86,k,0.54
17.41,l,0.54
17.95,l,0.54
18.50,l,0.14
18.63,k,0.14
18.77,l,0.27
19.04,;,0.27
19.31,m,0.27
19.58,,,0.50
