# 王者战歌(2)
# Converted from SkyStudio format
# BPM: 720
# Total chords: 222

Time,Keys,Duration
0.00,h,0.08
0.08,j,0.08
0.17,k,0.08
0.25,l,0.08
0.33,;,0.08
0.41,n,0.08
0.50,m,0.08
0.58,,,0.08
0.66,,,0.08
0.75,,,0.08
0.83,,,0.08
0.91,,,0.08
1.00,,,0.08
1.08,,,0.08
1.16,,,0.08
1.25,,,0.08
1.33,,,0.08
1.41,,,0.08
1.49,m,0.08
1.58,m,0.08
1.66,m,0.08
1.74,m,0.08
1.83,m,0.08
1.91,;,0.08
1.99,;,0.08
2.08,;,0.08
2.16,;,0.08
2.24,;,0.08
2.32,;,0.08
2.41,;,0.08
2.49,;,0.08
2.57,;,0.08
2.66,;,0.08
2.74,;,0.17
2.90,l,0.17
3.07,k,0.17
3.24,l,0.17
3.40,;,0.08
3.49,;,0.08
3.57,;,0.08
3.65,;,0.08
3.73,;,0.08
3.82,;,0.08
3.90,;,0.08
3.98,;,0.08
4.07,;,0.08
4.15,;,0.08
4.23,;,0.17
4.40,l,0.17
4.57,k,0.17
4.73,h,0.08
4.81,h,0.08
4.90,h,0.08
4.98,h,0.08
5.06,h,0.08
5.15,h,0.08
5.23,h,0.08
5.31,h,0.08
5.39,h,0.08
5.48,h,0.08
5.56,h,0.17
5.73,k,0.17
5.89,l,0.17
6.06,;,0.17
6.22,,,0.33
6.56,,,0.17
6.72,m,0.17
6.89,;,0.17
7.05,l,0.17
7.22,;,0.33
7.55,;,0.17
7.72,l,0.17
7.88,k,0.17
8.05,l,0.17
8.22,;,0.33
8.55,,,0.17
8.71,/,0.17
8.88,.,0.17
9.05,m,0.17
9.21,,,0.17
9.38,m,0.17
9.54,;,0.17
9.71,l,0.17
9.88,;,0.17
10.04,k,0.17
10.21,,,0.33
10.54,,,0.17
10.71,m,0.17
10.87,;,0.17
11.04,l,0.17
11.21,;,0.33
11.54,;,0.17
11.70,l,0.17
11.87,k,0.17
12.04,l,0.17
12.20,;,0.08
12.28,;,0.08
12.37,;,0.08
12.45,;,0.08
12.53,;,0.33
12.87,l,0.17
13.03,k,0.17
13.20,h,0.08
13.28,h,0.08
13.36,h,0.08
13.45,h,0.08
13.53,h,0.75
14.28,h,0.08
14.36,h,0.08
14.44,h,0.08
14.53,h,0.08
14.61,h,0.08
14.69,h,0.08
14.77,h,0.08
14.86,h,0.08
14.94,h,0.08
15.02,h,0.08
15.11,h,0.33
15.44,;,0.08
15.52,;,0.08
15.60,;,0.08
15.69,;,0.08
15.77,;,0.08
15.85,;,0.08
15.94,;,0.08
16.02,;,0.08
16.10,;,0.08
16.18,;,0.08
16.27,;,0.33
16.60,l,0.08
16.68,l,0.08
16.77,l,0.08
16.85,l,0.08
16.93,l,0.08
17.02,l,0.08
17.10,l,0.08
17.18,l,0.08
17.26,l,0.08
17.35,l,0.08
17.43,l,0.41
17.84,k,0.08
17.93,k,0.08
18.01,k,0.25
18.26,j,0.08
18.34,j,0.08
18.43,j,0.25
18.68,h,0.08
18.76,h,0.08
18.84,h,0.08
18.92,h,0.08
19.01,h,0.08
19.09,h,0.08
19.17,h,0.08
19.26,h,0.08
19.34,h,0.08
19.42,h,0.08
19.50,h,0.33
19.84,;,0.08
19.92,;,0.08
20.00,;,0.08
20.09,;,0.08
20.17,;,0.08
20.25,;,0.08
20.34,;,0.08
20.42,;,0.08
20.50,;,0.08
20.58,;,0.08
20.67,;,0.33
21.00,,,0.08
21.08,,,0.08
21.16,,,0.08
21.25,,,0.08
21.33,,,0.08
21.41,,,0.08
21.50,,,0.08
21.58,,,0.08
21.66,,,0.08
21.75,,,0.08
21.83,,,0.41
22.24,,,0.08
22.33,,,0.08
22.41,,,0.25
22.66,.,0.08
22.74,.,0.08
22.82,.,0.25
23.07,/,0.08
23.16,/,0.08
23.24,/,0.08
23.32,/,0.08
23.41,/,0.08
23.49,/,0.08
23.57,/,0.08
23.66,/,0.08
23.74,/,0.08
23.82,/,0.08
23.90,/,0.33
24.24,.,0.08
24.32,.,0.08
24.40,.,0.08
24.48,.,0.08
24.57,.,0.08
24.65,.,0.08
24.73,.,0.08
24.82,.,0.08
24.90,.,0.08
24.98,.,0.08
25.07,.,0.33
25.40,,,0.08
25.48,,,0.08
25.56,,,0.08
25.65,,,0.08
25.73,,,0.08
25.81,,,0.08
25.90,,,0.08
25.98,,,0.08
26.06,,,0.08
26.14,,,0.08
26.23,,,0.08
26.31,,,0.33
26.64,hk,0.08
26.73,;,0.08
26.81,,,0.50
