# 鬼怪round and round 烛子ikina
# Converted from SkyStudio format
# BPM: 240
# Total chords: 144

Time,Keys,Duration
2.00,l,0.25
2.25,h,0.25
2.50,l,0.25
2.75,,,0.25
3.00,l,0.25
3.25,h,0.25
3.50,l,0.25
3.75,,,0.25
4.00,kmo,1.00
5.00,;o,1.00
6.00,hno,0.25
6.25,;,0.50
6.75,l,0.25
7.00,o,0.25
7.25,k,0.75
8.00,;kp,1.00
9.00,p,1.00
10.00,knp,0.25
10.25,;,0.50
10.75,l,0.25
11.00,p,0.25
11.25,k,0.75
12.00,kmp,1.00
13.00,p,1.00
14.00,jmp,0.50
14.50,;,0.25
14.75,;,0.25
15.00,p,0.25
15.25,l,0.75
16.00,;hu,1.00
17.00,lu,0.25
17.25,h,0.25
17.50,l,0.25
17.75,,,0.25
18.00,lu,0.25
18.25,h,0.25
18.50,l,0.25
18.75,,,0.25
19.00,lu,0.25
19.25,h,0.25
19.50,l,0.25
19.75,,,0.25
20.00,kmo,1.00
21.00,;o,1.00
22.00,hno,0.25
22.25,;,0.50
22.75,l,0.25
23.00,o,0.25
23.25,k,0.75
24.00,;kp,1.00
25.00,p,1.00
26.00,knp,0.25
26.25,;,0.50
26.75,l,0.25
27.00,p,0.25
27.25,k,0.75
28.00,kmp,1.00
29.00,p,1.00
30.00,jmp,0.50
30.50,;,0.25
30.75,;,0.25
31.00,p,0.25
31.25,l,0.75
32.00,;hu,1.00
33.00,lu,0.25
33.25,h,0.25
33.50,l,0.25
33.75,,,0.25
34.00,lu,0.25
34.25,h,0.25
34.50,l,0.25
34.75,,,0.25
35.00,lu,0.25
35.25,h,0.25
35.50,l,0.25
35.75,,,0.25
36.00,;ko,0.50
36.50,;,0.25
36.75,;,0.25
37.00,o,0.50
37.50,;,0.50
38.00,;ho,0.25
38.25,,,0.50
38.75,,,0.25
39.00,o,0.50
39.50,;,0.50
40.00,;kp,0.50
40.50,;,0.25
40.75,;,0.25
41.00,p,0.50
41.50,;,0.50
42.00,;kp,0.25
42.25,m,0.50
42.75,m,0.25
43.00,p,0.50
43.50,;,0.50
44.00,kmp,1.00
45.00,lp,1.00
46.00,jp,0.50
46.50,l,0.50
47.00,lp,0.50
47.50,l,0.25
47.75,;,0.25
48.00,;ik,1.00
49.00,;i,0.25
49.25,h,0.25
49.50,;,0.25
49.75,,,0.25
50.00,;hi,0.25
50.25,h,0.25
50.50,;,0.25
50.75,,,0.25
51.00,;i,0.25
51.25,h,0.25
51.50,;,0.25
51.75,,,0.25
52.00,;ko,0.50
52.50,;,0.25
52.75,;,0.25
53.00,o,0.50
53.50,;,0.50
54.00,;ho,0.25
54.25,,,0.50
54.75,,,0.25
55.00,o,0.50
55.50,;,0.50
56.00,;kp,0.50
56.50,;,0.25
56.75,;,0.25
57.00,p,0.50
57.50,;,0.50
58.00,;kp,0.25
58.25,m,0.50
58.75,m,0.25
59.00,p,0.50
59.50,;,0.50
60.00,kmp,1.00
61.00,lp,1.00
62.00,jp,0.50
62.50,l,0.50
63.00,lp,0.50
63.50,l,0.25
63.75,;,0.25
64.00,;hi,0.50
